id,title,slug,excerpt,content,content_html,thumbnail_seo,published_at,published,likes,views,meta_title,meta_description,meta_keywords,user_id,created_at,updated_at,user,categories,tags,attachments,liked
548,Wamen Ekraf Bahas Potensi Ekonomi Kreatif di Podcast “Market Think”,wamen-ekraf-bahas-potensi-ekonomi-kreatif-di-podcast-market-think,"<p><strong>Jakarta, 16 Juli 2025</strong> - Wakil Menteri Ekonomi Kreatif (Wamen Ekraf), Irene Umar, mengungkap potensi ekonomi kreatif sebagai &#039;harta karun&#039; yang belum tergarap maksimal, dengan kontribusi PDB Rp1.532 triliun pada 2024. Namun, hilirisasi produk dan ego sektoral masih jadi tantangan.</p>","<p><strong>Jakarta, 16 Juli 2025</strong> - Wakil Menteri Ekonomi Kreatif (Wamen Ekraf), Irene Umar, mengungkap potensi ekonomi kreatif sebagai &#039;harta karun&#039; yang belum tergarap maksimal, dengan kontribusi PDB Rp1.532 triliun pada 2024. Namun, hilirisasi produk dan ego sektoral masih jadi tantangan.<br><br><img src=""https://storage.googleapis.com/kemenekraf/landing_page/post_content_attachments/aa476729-5ee8-4dad-92fa-9f7333f29ad1.jpeg"" width=""1600"" height=""1066""><sub>Dok. Biro Komunikasi Kemenekraf/Bekraf - Wamen Ekraf bahas potensi besar ekonomi kreatif sebagai penggerak ekonomidi Podcast “Market Think”, Jakarta, Rabu (16/072025).</sub><br><br>Hal ini disampaikan Wamen Ekraf saat menjadi narasumber dalam podcast “Market Think” dengan tema “Creative Industry: Untapped Goldmine” di Philip Kolter Museum of Marketing with Hermawan Kartajaya, Jakarta, Rabu, 16 Juli 2025.</p><p>Wamen Ekraf menyoroti besarnya potensi sektor ekonomi kreatif di Indonesia. Berdasarkan data Badan Pusat Statistik (BPS), pertumbuhan tenaga kerja di sektor ekonomi kreatif meningkat hingga 89% dalam kurun waktu 2013 hingga 2024.</p><p>Kontribusi ekonomi kreatif terhadap Produk Domestik Bruto (PDB) juga melonjak dari Rp700 triliun pada 2013 menjadi Rp1.532 triliun di tahun 2024. Pemerintah menargetkan kontribusi sektor ini mencapai 8–8,9% terhadap PDB pada 2029.<br><br><img src=""https://storage.googleapis.com/kemenekraf/landing_page/post_content_attachments/a15ebd84-ae7e-41ff-924c-bb74aaae4590.jpeg"" width=""1600"" height=""1066""><sub>Dok. Biro Komunikasi Kemenekraf/Bekraf.</sub><br><br>“Untuk mencapai target tersebut, kita perlu menghapus ego sektoral dan membangun kolaborasi lintas pemangku kepentingan melalui pendekatan hexahelix. Sinergi antar sektor menjadi kunci agar industri kreatif mampu terus tumbuh secara inklusif dan berkelanjutan,” ujar Wamen Ekraf.</p><p>Podcast ini dipandu oleh Ignatius Untung, praktisi behavioral science yang membedah dinamika industri melalui pendekatan lintas disiplin, memadukan sudut pandang pemasaran, psikologi perilaku, dan strategi komunikasi bisnis.</p><p>Wamen Ekraf juga menyoroti tantangan hilirisasi produk kreatif yang dinilai masih minim. Oleh karena itu, Kementerian Ekraf terus mendorong peningkatan kapasitas pelaku industri melalui berbagai pelatihan, salah satunya adalah kerja sama dengan Google dalam program Google Play x Unity Game Developer Training.</p><p>Hal ini diperlukan, karena saat ini produk gim asal Indonesia banyak yang telah berhasil menembus pasar global seperti Amerika Serikat, Eropa, Tiongkok, Jepang, dan Korea Selatan, dengan dominasi ekspor ke Eropa.<br><br><img src=""https://storage.googleapis.com/kemenekraf/landing_page/post_content_attachments/92c8cb21-cd1f-46b5-8841-d47a04138ce7.jpeg"" width=""1600"" height=""1067""><sub>Dok. Biro Komunikasi Kemenekraf/Bekraf.</sub><br><br>Untuk itu, menghadapi tantangan industri yang dinamis, Kementerian Ekraf terus berupaya memperkuat fondasi ekosistem ekonomi kreatif melalui pembaruan data sektoral, penyederhanaan birokrasi lintas kementerian, dan perluasan infrastruktur kreatif di berbagai daerah.</p><p>“Bagi para pegiat ekraf kita perlu strategi keuangan yang adaptif dan mengikis rasa inferior terhadap produk dalam negeri. Hanya dengan keberanian dan keyakinan, produk kreatif Indonesia bisa mendunia,” tegas Wamen Ekraf.</p><p>Dalam kesempatan tersebut, Wamen Ekraf turut didampingi oleh Direktur Pengembangan Sistem Pemasaran dan Hubungan Kelembagaan, Radi Manggala, serta Direktur Televisi dan Radio, Pupung Thariq Fadhillah.<br><br></p><p><strong>Kiagoos Irvan Faisal</strong></p><p><strong>Plt. Kepala Biro Komunikasi</strong></p><p><strong>Kementerian Ekonomi Kreatif/Badan Ekonomi Kreatif</strong></p>","<p><strong>Jakarta, 16 Juli 2025</strong> - Wakil Menteri Ekonomi Kreatif (Wamen Ekraf), Irene Umar, mengungkap potensi ekonomi kreatif sebagai &#039;harta karun&#039; yang belum tergarap maksimal, dengan kontribusi PDB Rp1.532 triliun pada 2024. Namun, hilirisasi produk dan ego sektoral masih jadi tantangan.<br><br><img src=""https://storage.googleapis.com/kemenekraf/landing_page/post_content_attachments/aa476729-5ee8-4dad-92fa-9f7333f29ad1.jpeg"" width=""1600"" height=""1066""><sub>Dok. Biro Komunikasi Kemenekraf/Bekraf - Wamen Ekraf bahas potensi besar ekonomi kreatif sebagai penggerak ekonomidi Podcast “Market Think”, Jakarta, Rabu (16/072025).</sub><br><br>Hal ini disampaikan Wamen Ekraf saat menjadi narasumber dalam podcast “Market Think” dengan tema “Creative Industry: Untapped Goldmine” di Philip Kolter Museum of Marketing with Hermawan Kartajaya, Jakarta, Rabu, 16 Juli 2025.</p><p>Wamen Ekraf menyoroti besarnya potensi sektor ekonomi kreatif di Indonesia. Berdasarkan data Badan Pusat Statistik (BPS), pertumbuhan tenaga kerja di sektor ekonomi kreatif meningkat hingga 89% dalam kurun waktu 2013 hingga 2024.</p><p>Kontribusi ekonomi kreatif terhadap Produk Domestik Bruto (PDB) juga melonjak dari Rp700 triliun pada 2013 menjadi Rp1.532 triliun di tahun 2024. Pemerintah menargetkan kontribusi sektor ini mencapai 8–8,9% terhadap PDB pada 2029.<br><br><img src=""https://storage.googleapis.com/kemenekraf/landing_page/post_content_attachments/a15ebd84-ae7e-41ff-924c-bb74aaae4590.jpeg"" width=""1600"" height=""1066""><sub>Dok. Biro Komunikasi Kemenekraf/Bekraf.</sub><br><br>“Untuk mencapai target tersebut, kita perlu menghapus ego sektoral dan membangun kolaborasi lintas pemangku kepentingan melalui pendekatan hexahelix. Sinergi antar sektor menjadi kunci agar industri kreatif mampu terus tumbuh secara inklusif dan berkelanjutan,” ujar Wamen Ekraf.</p><p>Podcast ini dipandu oleh Ignatius Untung, praktisi behavioral science yang membedah dinamika industri melalui pendekatan lintas disiplin, memadukan sudut pandang pemasaran, psikologi perilaku, dan strategi komunikasi bisnis.</p><p>Wamen Ekraf juga menyoroti tantangan hilirisasi produk kreatif yang dinilai masih minim. Oleh karena itu, Kementerian Ekraf terus mendorong peningkatan kapasitas pelaku industri melalui berbagai pelatihan, salah satunya adalah kerja sama dengan Google dalam program Google Play x Unity Game Developer Training.</p><p>Hal ini diperlukan, karena saat ini produk gim asal Indonesia banyak yang telah berhasil menembus pasar global seperti Amerika Serikat, Eropa, Tiongkok, Jepang, dan Korea Selatan, dengan dominasi ekspor ke Eropa.<br><br><img src=""https://storage.googleapis.com/kemenekraf/landing_page/post_content_attachments/92c8cb21-cd1f-46b5-8841-d47a04138ce7.jpeg"" width=""1600"" height=""1067""><sub>Dok. Biro Komunikasi Kemenekraf/Bekraf.</sub><br><br>Untuk itu, menghadapi tantangan industri yang dinamis, Kementerian Ekraf terus berupaya memperkuat fondasi ekosistem ekonomi kreatif melalui pembaruan data sektoral, penyederhanaan birokrasi lintas kementerian, dan perluasan infrastruktur kreatif di berbagai daerah.</p><p>“Bagi para pegiat ekraf kita perlu strategi keuangan yang adaptif dan mengikis rasa inferior terhadap produk dalam negeri. Hanya dengan keberanian dan keyakinan, produk kreatif Indonesia bisa mendunia,” tegas Wamen Ekraf.</p><p>Dalam kesempatan tersebut, Wamen Ekraf turut didampingi oleh Direktur Pengembangan Sistem Pemasaran dan Hubungan Kelembagaan, Radi Manggala, serta Direktur Televisi dan Radio, Pupung Thariq Fadhillah.<br><br></p><p><strong>Kiagoos Irvan Faisal</strong></p><p><strong>Plt. Kepala Biro Komunikasi</strong></p><p><strong>Kementerian Ekonomi Kreatif/Badan Ekonomi Kreatif</strong></p>",https://storage.googleapis.com/kemenekraf/landing_page/post_thumbnail_seo/01K0E36Q7SYDVSPGK49TA71PT0.jpeg,2025-07-16 13:17:41,True,0,6,,,,8,2025-07-18T06:23:05.000000Z,2025-07-18T06:39:45.000000Z,"{'id': 8, 'name': 'Fachri Wahyudi', 'email': 'fachriwahyudi@ekraf.go.id', 'created_at': '2025-01-07T02:16:49.000000Z', 'updated_at': '2025-01-08T06:33:28.000000Z'}","[{'id': 1, 'title': 'Berita', 'slug': 'berita', 'created_at': '2024-12-06T04:30:26.000000Z', 'updated_at': '2024-12-08T01:06:41.000000Z', 'is_feature': False}]","[{'id': 9, 'name': 'Industri Kreatif', 'created_at': '2025-02-07T01:34:02.000000Z', 'updated_at': '2025-02-07T01:34:02.000000Z'}, {'id': 12, 'name': 'Kolaborasi', 'created_at': '2025-02-07T05:21:34.000000Z', 'updated_at': '2025-02-07T05:21:34.000000Z'}, {'id': 45, 'name': 'Irene Umar', 'created_at': '2025-02-21T14:37:25.000000Z', 'updated_at': '2025-02-21T14:37:25.000000Z'}, {'id': 47, 'name': 'Wamenekraf', 'created_at': '2025-02-21T14:37:42.000000Z', 'updated_at': '2025-02-21T14:37:42.000000Z'}, {'id': 48, 'name': 'The New Engine Of Growth', 'created_at': '2025-02-21T14:37:54.000000Z', 'updated_at': '2025-02-21T14:37:54.000000Z'}, {'id': 99, 'name': 'Industri Periklanan', 'created_at': '2025-03-05T17:36:28.000000Z', 'updated_at': '2025-03-05T17:36:28.000000Z'}, {'id': 108, 'name': 'Potensi Kolaborasi', 'created_at': '2025-03-06T13:19:32.000000Z', 'updated_at': '2025-03-06T13:19:32.000000Z'}, {'id': 123, 'name': 'Potensi Kerjasama', 'created_at': '2025-03-11T16:31:08.000000Z', 'updated_at': '2025-03-11T16:31:08.000000Z'}, {'id': 126, 'name': 'Lapangan Kerja', 'created_at': '2025-03-13T15:49:53.000000Z', 'updated_at': '2025-03-13T15:49:53.000000Z'}, {'id': 154, 'name': 'Kolaborasi Industri Kreatif', 'created_at': '2025-03-20T07:12:09.000000Z', 'updated_at': '2025-03-20T07:12:09.000000Z'}, {'id': 182, 'name': 'Aksi Nyata Perluasan Lapangan Kerja', 'created_at': '2025-04-11T02:36:06.000000Z', 'updated_at': '2025-04-11T02:36:06.000000Z'}, {'id': 228, 'name': 'Kerja Terlaksana Kita Jadi Bisa', 'created_at': '2025-05-01T08:01:00.000000Z', 'updated_at': '2025-05-01T08:01:00.000000Z'}, {'id': 245, 'name': 'Majukan Industri Kreatif', 'created_at': '2025-05-09T15:36:42.000000Z', 'updated_at': '2025-05-09T15:36:42.000000Z'}, {'id': 267, 'name': 'Kemenekraf/Bekraf', 'created_at': '2025-05-26T15:38:02.000000Z', 'updated_at': '2025-05-26T15:38:02.000000Z'}]",[],False
547,"Perkuat SDM Kreatif, Menteri Ekraf Kunjungi GOBELINS School di Paris",perkuat-sdm-kreatif-menteri-ekraf-kunjungi-gobelins-school-di-paris,"<p><strong>Paris, 16 Juli 2025</strong> - Menteri Ekonomi Kreatif (Ekraf), Teuku Riefky Harsya, mengunjungi GOBELINS, sekolah seni animasi dan desain terkemuka di Prancis, untuk memperkuat kerja sama pengembangan SDM kreatif Indonesia. Kunjungan ini merupakan tindak lanjut dari Nota Kesepahaman (MoU) dengan Kementerian Kebudayaan Prancis pada Mei 2025, dengan fokus pada pertukaran talenta dan pengembangan kurikulum berbasis industri.</p>","<p><strong>Paris, 16 Juli 2025</strong> - Menteri Ekonomi Kreatif (Ekraf), Teuku Riefky Harsya, mengunjungi GOBELINS, sekolah seni animasi dan desain terkemuka di Prancis, untuk memperkuat kerja sama pengembangan SDM kreatif Indonesia. Kunjungan ini merupakan tindak lanjut dari Nota Kesepahaman (MoU) dengan Kementerian Kebudayaan Prancis pada Mei 2025, dengan fokus pada pertukaran talenta dan pengembangan kurikulum berbasis industri.</p><p><img src=""https://storage.googleapis.com/kemenekraf/landing_page/post_content_attachments/1d6f58b4-f80b-451e-aaa2-f8213442e266.jpeg"" width=""1600"" height=""1200""></p><p><sup>Menteri Ekraf kunjungi GOBELINS School di Paris, jajaki kerja sama pendidikan dengan Sekolah terkemuka Prancis tingkatkan SDM kreatif Indonesia, Paris, Rabu (16/07/2025)</sup></p><p>“Bermitra dengan GOBELINS sangat penting untuk pengembangan SDM kreatif Indonesia. Mereka terbukti mampu mencetak talenta kelas dunia yang siap kerja dengan tingkat penyerapan lulusan mendekati 100%. Inovasi mereka dalam pengajaran dan teknologi menjadikan lulusannya selalu relevan dengan kebutuhan industri yang terus berubah,” ujar Menteri Ekraf saat  melakukan kunjungan resmi ke <em>GOBELINS School</em> di Paris, Prancis, Rabu, 16 Juli 2025.</p><p><img src=""https://storage.googleapis.com/kemenekraf/landing_page/post_content_attachments/ebf0de00-1f4f-4d3e-8f0c-0e0b68c933b8.jpeg"" width=""1600"" height=""1200""></p><p><sup>Dok. Biro Komunikasi Kemenekraf. </sup></p><p>Menteri Ekraf juga menekankan pentingnya program pelatihan berkelanjutan untuk para profesional kreatif agar tetap adaptif dan kompetitif di tengah perkembangan industri global. Dalam kunjungan tersebut, Kementerian Ekraf menawarkan sejumlah skema kolaborasi untuk pengembangan kapasitas SDM, antara lain:</p><p>• <em>Creative Talent Exchange</em></p><p>• <em>Masterclass &amp; Joint Workshop Series</em></p><p>• <em>Digital Curriculum Co-Development</em></p><p>• <em>Creative Educator Residency</em></p><p>Melalui kolaborasi ini, diharapkan teridentifikasi program-program pelatihan dan pendidikan dari GOBELINS yang sesuai dengan kebutuhan SDM kreatif Indonesia, baik dalam hal format pelaksanaan maupun relevansi terhadap dinamika industri. </p><p>Selain itu, penting pula mengadopsi praktik keterlibatan langsung pelaku industri dalam proses pendidikan, sebagaimana yang telah diterapkan oleh GOBELINS.</p><p><img src=""https://storage.googleapis.com/kemenekraf/landing_page/post_content_attachments/0a8a7e85-365a-4ea8-9e81-8af9af540e2d.jpeg"" width=""1600"" height=""1200""></p><p><sup>Dok. Biro Komunikasi Kemenekraf. </sup></p><p>“Kami ingin memastikan bahwa SDM kreatif Indonesia memiliki kompetensi global dan siap menghadapi tantangan industri, baik di tingkat lokal maupun internasional,” tambah Menteri Ekraf.</p><p>Dalam kunjungan tersebut, Menteri Ekraf didampingi oleh Sekretaris Kementerian Dessy Ruhati, Deputi Bidang Pengembangan Strategis Ekonomi Kreatif Cecep Rukendi, serta Direktur Kajian dan Manajemen Strategis, Agus Syarip Hidayat.</p><p><strong>Kiagoos Irvan Faisal</strong></p><p><strong>Plt. Kepala Biro Komunikasi</strong></p><p><strong>Kementerian Ekonomi Kreatif/Badan Ekonomi Kreatif</strong></p>","<p><strong>Paris, 16 Juli 2025</strong> - Menteri Ekonomi Kreatif (Ekraf), Teuku Riefky Harsya, mengunjungi GOBELINS, sekolah seni animasi dan desain terkemuka di Prancis, untuk memperkuat kerja sama pengembangan SDM kreatif Indonesia. Kunjungan ini merupakan tindak lanjut dari Nota Kesepahaman (MoU) dengan Kementerian Kebudayaan Prancis pada Mei 2025, dengan fokus pada pertukaran talenta dan pengembangan kurikulum berbasis industri.</p><p><img src=""https://storage.googleapis.com/kemenekraf/landing_page/post_content_attachments/1d6f58b4-f80b-451e-aaa2-f8213442e266.jpeg"" width=""1600"" height=""1200""></p><p><sup>Menteri Ekraf kunjungi GOBELINS School di Paris, jajaki kerja sama pendidikan dengan Sekolah terkemuka Prancis tingkatkan SDM kreatif Indonesia, Paris, Rabu (16/07/2025)</sup></p><p>“Bermitra dengan GOBELINS sangat penting untuk pengembangan SDM kreatif Indonesia. Mereka terbukti mampu mencetak talenta kelas dunia yang siap kerja dengan tingkat penyerapan lulusan mendekati 100%. Inovasi mereka dalam pengajaran dan teknologi menjadikan lulusannya selalu relevan dengan kebutuhan industri yang terus berubah,” ujar Menteri Ekraf saat  melakukan kunjungan resmi ke <em>GOBELINS School</em> di Paris, Prancis, Rabu, 16 Juli 2025.</p><p><img src=""https://storage.googleapis.com/kemenekraf/landing_page/post_content_attachments/ebf0de00-1f4f-4d3e-8f0c-0e0b68c933b8.jpeg"" width=""1600"" height=""1200""></p><p><sup>Dok. Biro Komunikasi Kemenekraf. </sup></p><p>Menteri Ekraf juga menekankan pentingnya program pelatihan berkelanjutan untuk para profesional kreatif agar tetap adaptif dan kompetitif di tengah perkembangan industri global. Dalam kunjungan tersebut, Kementerian Ekraf menawarkan sejumlah skema kolaborasi untuk pengembangan kapasitas SDM, antara lain:</p><p>• <em>Creative Talent Exchange</em></p><p>• <em>Masterclass &amp; Joint Workshop Series</em></p><p>• <em>Digital Curriculum Co-Development</em></p><p>• <em>Creative Educator Residency</em></p><p>Melalui kolaborasi ini, diharapkan teridentifikasi program-program pelatihan dan pendidikan dari GOBELINS yang sesuai dengan kebutuhan SDM kreatif Indonesia, baik dalam hal format pelaksanaan maupun relevansi terhadap dinamika industri. </p><p>Selain itu, penting pula mengadopsi praktik keterlibatan langsung pelaku industri dalam proses pendidikan, sebagaimana yang telah diterapkan oleh GOBELINS.</p><p><img src=""https://storage.googleapis.com/kemenekraf/landing_page/post_content_attachments/0a8a7e85-365a-4ea8-9e81-8af9af540e2d.jpeg"" width=""1600"" height=""1200""></p><p><sup>Dok. Biro Komunikasi Kemenekraf. </sup></p><p>“Kami ingin memastikan bahwa SDM kreatif Indonesia memiliki kompetensi global dan siap menghadapi tantangan industri, baik di tingkat lokal maupun internasional,” tambah Menteri Ekraf.</p><p>Dalam kunjungan tersebut, Menteri Ekraf didampingi oleh Sekretaris Kementerian Dessy Ruhati, Deputi Bidang Pengembangan Strategis Ekonomi Kreatif Cecep Rukendi, serta Direktur Kajian dan Manajemen Strategis, Agus Syarip Hidayat.</p><p><strong>Kiagoos Irvan Faisal</strong></p><p><strong>Plt. Kepala Biro Komunikasi</strong></p><p><strong>Kementerian Ekonomi Kreatif/Badan Ekonomi Kreatif</strong></p>",https://storage.googleapis.com/kemenekraf/landing_page/post_thumbnail_seo/01K0DP6B304KDZA5EM2FJJZDX6.jpeg,2025-07-16 09:30:00,True,0,50,,,,8,2025-07-18T02:35:41.000000Z,2025-07-18T06:55:32.000000Z,"{'id': 8, 'name': 'Fachri Wahyudi', 'email': 'fachriwahyudi@ekraf.go.id', 'created_at': '2025-01-07T02:16:49.000000Z', 'updated_at': '2025-01-08T06:33:28.000000Z'}","[{'id': 1, 'title': 'Berita', 'slug': 'berita', 'created_at': '2024-12-06T04:30:26.000000Z', 'updated_at': '2024-12-08T01:06:41.000000Z', 'is_feature': False}, {'id': 17, 'title': 'Subsektor Ekonomi Kreatif - Film, Animasi dan Video', 'slug': 'subsektor-ekonomi-kreatif-film-animasi-dan-video', 'created_at': '2025-02-11T20:18:03.000000Z', 'updated_at': '2025-02-11T20:18:03.000000Z', 'is_feature': False}]","[{'id': 44, 'name': 'Teuku Riefky Harsya', 'created_at': '2025-02-21T14:37:09.000000Z', 'updated_at': '2025-02-21T14:37:09.000000Z'}, {'id': 45, 'name': 'Irene Umar', 'created_at': '2025-02-21T14:37:25.000000Z', 'updated_at': '2025-02-21T14:37:25.000000Z'}, {'id': 46, 'name': 'Menekraf', 'created_at': '2025-02-21T14:37:34.000000Z', 'updated_at': '2025-02-21T14:37:34.000000Z'}, {'id': 47, 'name': 'Wamenekraf', 'created_at': '2025-02-21T14:37:42.000000Z', 'updated_at': '2025-02-21T14:37:42.000000Z'}, {'id': 48, 'name': 'The New Engine Of Growth', 'created_at': '2025-02-21T14:37:54.000000Z', 'updated_at': '2025-02-21T14:37:54.000000Z'}, {'id': 49, 'name': 'Mesin Baru Pertumbuhan Ekonomi', 'created_at': '2025-02-21T14:38:06.000000Z', 'updated_at': '2025-02-21T14:38:06.000000Z'}, {'id': 91, 'name': 'Subsektor Film, Animasi, dan Video', 'created_at': '2025-03-04T14:27:07.000000Z', 'updated_at': '2025-03-04T14:27:07.000000Z'}]",[],False
546,"  Tindak Lanjut Kolaborasi, Menteri Ekraf penuhi Undangan Pemerintah Prancis.",tindak-lanjut-kolaborasi-menteri-ekraf-penuhi-undangan-pemerintah-prancis,"<p><strong>Paris, 15 Juli 2025</strong> — Menteri Ekonomi Kreatif (Menteri Ekraf), Teuku Riefky Harsya, memenuhi undangan Menteri Kebudayaan Prancis, Rachida Dati, dalam forum &quot;Strategic Cultural Dialogue&quot; di Paris pada Selasa (15/7). Pertemuan ini bertujuan menguatkan kerja sama bilateral dan hubungan diplomatik Indonesia-Prancis di bidang Budaya dan Ekonomi Kreatif, dan turut dihadiri oleh Menteri Kebudayaan, Fadli Zon.</p>","<p><strong>Paris, 15 Juli 2025</strong> — Menteri Ekonomi Kreatif (Menteri Ekraf), Teuku Riefky Harsya, memenuhi undangan Menteri Kebudayaan Prancis, Rachida Dati, dalam forum &quot;Strategic Cultural Dialogue&quot; di Paris pada Selasa (15/7). Pertemuan ini bertujuan menguatkan kerja sama bilateral dan hubungan diplomatik Indonesia-Prancis di bidang Budaya dan Ekonomi Kreatif, dan turut dihadiri oleh Menteri Kebudayaan, Fadli Zon.</p><p><img src=""https://storage.googleapis.com/kemenekraf/landing_page/post_content_attachments/a6886c87-1ebc-4b00-92cb-0bce93a60daa.jpeg"" width=""1600"" height=""1200""></p><p><sup>Tindak Lanjut Kolaborasi, Menteri Ekraf penuhi Undangan Pemerintah Prancis, Paris, Selasa (15/07/2025)</sup></p><p>Pertemuan ini merupakan tindak lanjut dari Nota Kesepahaman (MoU) yang telah ditandatangani oleh kedua kementerian di Jakarta pada Mei lalu, saat kunjungan Presiden Emmanuel Macron ke Indonesia. Kehadiran Menteri Ekraf juga merupakan bagian dari rangkaian kegiatan kunjungan kenegaraan Presiden Republik Indonesia, Prabowo Subianto, yang hadir sebagai tamu kehormatan pada perayaan nasional Bastille Day 2025. </p><p>Pertemuan ini turut dihadiri oleh 15 perwakilan dari berbagai pemangku kepentingan Prancis, termasuk asosiasi dan pelaku industri kreatif di sektor film, gim, fesyen, musik, penerbitan, seni pertunjukan, serta organisasi yang fokus pada pengelolaan budaya seperti museum dan pelestarian warisan budaya (heritage).</p><p><img src=""https://storage.googleapis.com/kemenekraf/landing_page/post_content_attachments/dbe8d26a-570b-4e9a-ba46-1134f6cbbf71.jpeg"" width=""1600"" height=""1200""></p><p><sup>Dok. Biro Komunikasi Kemenekraf.</sup></p><p>Dalam kesempatan tersebut, Menteri Teuku Riefky menyampaikan tiga poin utama. Pertama, ia menekankan pentingnya komitmen bersama untuk mengimplementasikan program-program konkret guna memperkuat ekosistem ekonomi kreatif kedua negara. Kedua, ia mengusulkan lima inisiatif tindak lanjut MoU, yang mencakup pengembangan kapasitas, pertukaran talenta, serta kolaborasi riset kebijakan. Ketiga, ia menekankan keinginan Indonesia untuk belajar dari pengalaman Prancis dalam perumusan kebijakan dan perangkat regulasi ekonomi kreatif yang kuat dan inklusif.</p><p>Sebagai bagian dari kunjungan kerja ini, Menteri Ekraf dan delegasinya juga melakukan diskusi mendalam di tiga subsektor utama: film, animasi, dan game. </p><p><img src=""https://storage.googleapis.com/kemenekraf/landing_page/post_content_attachments/be413540-2f01-48da-815b-4d397ca9e8dc.jpeg"" width=""1600"" height=""1200""></p><p><sup>Dok. Biro Komunikasi Kemenekraf.</sup></p><p>Dalam bidang film, delegasi Indonesia mengunjungi markas Centre National du Cinéma et de l&#039;image animée (CNC) dan berdiskusi langsung dengan Presiden CNC serta para ahli senior. Sementara untuk animasi, delegasi akan mengadakan dialog dengan Gobelin School, institusi animasi terbaik dunia.</p><p>Adapun tindak lanjut konkret dari kunjungan ini meliputi:</p><p>a) Penguatan Ekraf Bijak melalui riset bersama untuk penyusunan kebijakan sektor film, termasuk studi kelembagaan dan kajian kebijakan pajak sinema (earmark tax policy);</p><p>b) Penguatan Talenta Ekraf melalui pelatihan dengan institusi Perancis dan pendampingan teknis dari CNC dalam bidang film dan permainan video;</p><p>c) Penguatan Sinergi Ekraf untuk membangun jejaring antara pelaku industri kreatif Indonesia dan Perancis.</p><p><img src=""https://storage.googleapis.com/kemenekraf/landing_page/post_content_attachments/493164b2-82f2-425f-baed-e578baf3675e.jpeg"" width=""1600"" height=""1200""></p><p><sup>Dok. Biro Komunikasi Kemenekraf.</sup></p><p>Secara keseluruhan, pertemuan ini mencerminkan komitmen bersama dalam memajukan sektor ekonomi kreatif sebagai kekuatan diplomasi budaya dan ekonomi pemerintahan Presiden Prabowo.</p><p><strong>Kiagoos Irvan Faisal</strong></p><p><strong>Plt. Kepala Biro Komunikasi</strong></p><p><strong>Kementerian Ekonomi Kreatif/Badan Ekonomi Kreatif</strong></p>","<p><strong>Paris, 15 Juli 2025</strong> — Menteri Ekonomi Kreatif (Menteri Ekraf), Teuku Riefky Harsya, memenuhi undangan Menteri Kebudayaan Prancis, Rachida Dati, dalam forum &quot;Strategic Cultural Dialogue&quot; di Paris pada Selasa (15/7). Pertemuan ini bertujuan menguatkan kerja sama bilateral dan hubungan diplomatik Indonesia-Prancis di bidang Budaya dan Ekonomi Kreatif, dan turut dihadiri oleh Menteri Kebudayaan, Fadli Zon.</p><p><img src=""https://storage.googleapis.com/kemenekraf/landing_page/post_content_attachments/a6886c87-1ebc-4b00-92cb-0bce93a60daa.jpeg"" width=""1600"" height=""1200""></p><p><sup>Tindak Lanjut Kolaborasi, Menteri Ekraf penuhi Undangan Pemerintah Prancis, Paris, Selasa (15/07/2025)</sup></p><p>Pertemuan ini merupakan tindak lanjut dari Nota Kesepahaman (MoU) yang telah ditandatangani oleh kedua kementerian di Jakarta pada Mei lalu, saat kunjungan Presiden Emmanuel Macron ke Indonesia. Kehadiran Menteri Ekraf juga merupakan bagian dari rangkaian kegiatan kunjungan kenegaraan Presiden Republik Indonesia, Prabowo Subianto, yang hadir sebagai tamu kehormatan pada perayaan nasional Bastille Day 2025. </p><p>Pertemuan ini turut dihadiri oleh 15 perwakilan dari berbagai pemangku kepentingan Prancis, termasuk asosiasi dan pelaku industri kreatif di sektor film, gim, fesyen, musik, penerbitan, seni pertunjukan, serta organisasi yang fokus pada pengelolaan budaya seperti museum dan pelestarian warisan budaya (heritage).</p><p><img src=""https://storage.googleapis.com/kemenekraf/landing_page/post_content_attachments/dbe8d26a-570b-4e9a-ba46-1134f6cbbf71.jpeg"" width=""1600"" height=""1200""></p><p><sup>Dok. Biro Komunikasi Kemenekraf.</sup></p><p>Dalam kesempatan tersebut, Menteri Teuku Riefky menyampaikan tiga poin utama. Pertama, ia menekankan pentingnya komitmen bersama untuk mengimplementasikan program-program konkret guna memperkuat ekosistem ekonomi kreatif kedua negara. Kedua, ia mengusulkan lima inisiatif tindak lanjut MoU, yang mencakup pengembangan kapasitas, pertukaran talenta, serta kolaborasi riset kebijakan. Ketiga, ia menekankan keinginan Indonesia untuk belajar dari pengalaman Prancis dalam perumusan kebijakan dan perangkat regulasi ekonomi kreatif yang kuat dan inklusif.</p><p>Sebagai bagian dari kunjungan kerja ini, Menteri Ekraf dan delegasinya juga melakukan diskusi mendalam di tiga subsektor utama: film, animasi, dan game. </p><p><img src=""https://storage.googleapis.com/kemenekraf/landing_page/post_content_attachments/be413540-2f01-48da-815b-4d397ca9e8dc.jpeg"" width=""1600"" height=""1200""></p><p><sup>Dok. Biro Komunikasi Kemenekraf.</sup></p><p>Dalam bidang film, delegasi Indonesia mengunjungi markas Centre National du Cinéma et de l&#039;image animée (CNC) dan berdiskusi langsung dengan Presiden CNC serta para ahli senior. Sementara untuk animasi, delegasi akan mengadakan dialog dengan Gobelin School, institusi animasi terbaik dunia.</p><p>Adapun tindak lanjut konkret dari kunjungan ini meliputi:</p><p>a) Penguatan Ekraf Bijak melalui riset bersama untuk penyusunan kebijakan sektor film, termasuk studi kelembagaan dan kajian kebijakan pajak sinema (earmark tax policy);</p><p>b) Penguatan Talenta Ekraf melalui pelatihan dengan institusi Perancis dan pendampingan teknis dari CNC dalam bidang film dan permainan video;</p><p>c) Penguatan Sinergi Ekraf untuk membangun jejaring antara pelaku industri kreatif Indonesia dan Perancis.</p><p><img src=""https://storage.googleapis.com/kemenekraf/landing_page/post_content_attachments/493164b2-82f2-425f-baed-e578baf3675e.jpeg"" width=""1600"" height=""1200""></p><p><sup>Dok. Biro Komunikasi Kemenekraf.</sup></p><p>Secara keseluruhan, pertemuan ini mencerminkan komitmen bersama dalam memajukan sektor ekonomi kreatif sebagai kekuatan diplomasi budaya dan ekonomi pemerintahan Presiden Prabowo.</p><p><strong>Kiagoos Irvan Faisal</strong></p><p><strong>Plt. Kepala Biro Komunikasi</strong></p><p><strong>Kementerian Ekonomi Kreatif/Badan Ekonomi Kreatif</strong></p>",https://storage.googleapis.com/kemenekraf/landing_page/post_thumbnail_seo/01K0DNN659PCDFTF46QTZ2E2V0.jpeg,2025-07-15 09:22:00,True,2,59,,,,8,2025-07-18T02:26:19.000000Z,2025-07-18T06:56:30.000000Z,"{'id': 8, 'name': 'Fachri Wahyudi', 'email': 'fachriwahyudi@ekraf.go.id', 'created_at': '2025-01-07T02:16:49.000000Z', 'updated_at': '2025-01-08T06:33:28.000000Z'}","[{'id': 1, 'title': 'Berita', 'slug': 'berita', 'created_at': '2024-12-06T04:30:26.000000Z', 'updated_at': '2024-12-08T01:06:41.000000Z', 'is_feature': False}]","[{'id': 44, 'name': 'Teuku Riefky Harsya', 'created_at': '2025-02-21T14:37:09.000000Z', 'updated_at': '2025-02-21T14:37:09.000000Z'}, {'id': 45, 'name': 'Irene Umar', 'created_at': '2025-02-21T14:37:25.000000Z', 'updated_at': '2025-02-21T14:37:25.000000Z'}, {'id': 46, 'name': 'Menekraf', 'created_at': '2025-02-21T14:37:34.000000Z', 'updated_at': '2025-02-21T14:37:34.000000Z'}, {'id': 47, 'name': 'Wamenekraf', 'created_at': '2025-02-21T14:37:42.000000Z', 'updated_at': '2025-02-21T14:37:42.000000Z'}, {'id': 48, 'name': 'The New Engine Of Growth', 'created_at': '2025-02-21T14:37:54.000000Z', 'updated_at': '2025-02-21T14:37:54.000000Z'}, {'id': 49, 'name': 'Mesin Baru Pertumbuhan Ekonomi', 'created_at': '2025-02-21T14:38:06.000000Z', 'updated_at': '2025-02-21T14:38:06.000000Z'}, {'id': 270, 'name': 'Rachida Dati', 'created_at': '2025-05-29T05:51:49.000000Z', 'updated_at': '2025-05-29T05:51:49.000000Z'}]",[],False
545,  Wamen Ekraf Dukung Pengembang Gim Horor Lokal: “IP Ini Punya Potensi Lintas Industri,wamen-ekraf-dukung-pengembang-gim-horor-lokal-ip-ini-punya-potensi-lintas-industri,"<p><strong>Jakarta, 16 Juli 2025</strong> — Wakil Menteri Ekonomi Kreatif (Wamen Ekraf), Irene Umar, menyambut positif potensi gim horor naratif &#039;Agni: Village of Calamity&#039; karya studio lokal Separuh Interactive sebagai Intellectual Property (IP) Indonesia yang berkelas global. Pertemuan ini menjadi bagian dari strategi Kementerian Ekraf mendorong industri gim tanah air yang bernilai ekonomi tinggi.</p>","<p><strong>Jakarta, 16 Juli 2025</strong> — Wakil Menteri Ekonomi Kreatif (Wamen Ekraf), Irene Umar, menyambut positif potensi gim horor naratif &#039;Agni: Village of Calamity&#039; karya studio lokal Separuh Interactive sebagai Intellectual Property (IP) Indonesia yang berkelas global. Pertemuan ini menjadi bagian dari strategi Kementerian Ekraf mendorong industri gim tanah air yang bernilai ekonomi tinggi.</p><p><img src=""https://storage.googleapis.com/kemenekraf/landing_page/post_content_attachments/d8f869a6-f30a-49d9-aad1-a021d8547d97.jpeg"" width=""1600"" height=""1067""></p><p><sup>Wamen Ekraf Dukung Pengembangan Gim Horor &#039;Agni&#039; Karya Developer Lokal Go Global, Jakarta, Rabu (16/7/2025).</sup></p><p>“Yang kita dukung bukan hanya produknya, tapi juga proses kreatif, keberanian bercerita, dan dorongan untuk mengembangkan IP yang kuat dan berkelanjutan,” ujar Wamen Ekraf di Autograph Tower, Jakarta, Rabu, 16 Juli 2025.</p><p>Menurut Wamen Ekraf, Agni adalah contoh gim indie Indonesia yang tidak hanya memiliki kekuatan sinematik, tetapi juga membicarakan isu-isu mendalam seperti trauma perempuan, dengan pendekatan visual yang artistik dan kuat secara identitas lokal.</p><p>Wamen Ekraf menambahkan pentingnya membangun ekosistem yang menyokong bukan hanya hasil akhir, tetapi proses dan keberlanjutan dari IP itu sendiri.</p><p><img src=""https://storage.googleapis.com/kemenekraf/landing_page/post_content_attachments/53f5d42c-d99e-4c5c-99b6-b4aa6d4898b9.jpeg"" width=""1600"" height=""1067""></p><p><sup>Dok. Biro Komunikasi Kemenekraf.</sup> </p><p>Wamen Ekraf memberikan sejumlah masukan strategis, termasuk potensi aktivasi kreatif seperti pengalaman rumah hantu berbasis cerita Agni, serta pemanfaatan IP untuk pengembangan lintas platform. Wamen Ekraf juga membuka kemungkinan untuk menjembatani kolaborasi yang lebih luas—termasuk dengan brand—selama hal tersebut dapat mendukung keberlanjutan ekosistem kreatif.</p><p>“Kalau kita bisa dukung dari awal dan bantu jembatani ke pihak swasta maupun publik, bukan tidak mungkin IP ini bisa berkembang ke banyak bentuk lain: film, grafis, merchandise, bahkan pameran,” jelas Wamen Ekraf.</p><p><img src=""https://storage.googleapis.com/kemenekraf/landing_page/post_content_attachments/45b72ba5-281d-4473-b679-f7677924f26a.jpeg"" width=""1600"" height=""1067""></p><p><sup>Dok. Biro Komunikasi Kemenekraf.</sup></p><p>Tim Separuh Interactive memaparkan bahwa pengembangan gim ini dilakukan secara mandiri dengan mengandalkan talenta lokal, termasuk seniman, animator, dan programmer Indonesia yang terus diasah kemampuannya. Dengan pendekatan in-house dan investasi talenta, mereka berharap bisa menghadirkan produk dengan kualitas global sekaligus membuka ruang kolaborasi lintas subsektor ekraf lainnya seperti musik, fashion, dan film.</p><p>“Yang mahal sekarang bukan teknologi, tapi empowerment. Kita ingin membangun ekosistem, bukan hanya satu produk,” ujar Surgadeva, sutradara kreatif gim Agni.</p><p><img src=""https://storage.googleapis.com/kemenekraf/landing_page/post_content_attachments/28ddaf65-d4cf-47d2-8c85-14b77163d2c4.jpeg"" width=""1600"" height=""1067""></p><p><sup>Dok. Biro Komunikasi Kemenekraf.</sup></p><p>Dia menambahkan bahwa saat ini beberapa musisi dan komposer lokal telah diajak berkolaborasi untuk mengisi soundtrack, dan tim juga terbuka untuk menjajaki kerja sama dengan brand dan institusi yang relevan.</p><p>Gim Agni: Village of Calamity direncanakan rilis pada kuartal ketiga 2026 dan akan tersedia di platform PC dan konsol. Permainan ini mengisahkan seorang operator investigasi penculikan anak yang dihantui rasa bersalah dan dipaksa menghadapi realitas yang bergeser. Hijab yang dikenakan karakter utama menjadi simbol pengendalian diri dalam menghadapi trauma, dan akan menjadi elemen penting dalam alur cerita yang bersifat non-linear.</p><p><img src=""https://storage.googleapis.com/kemenekraf/landing_page/post_content_attachments/43a351b6-01af-4c2e-ab8a-c00aec67e6fb.jpeg"" width=""1600"" height=""1067""></p><p><sup>Dok. Biro Komunikasi Kemenekraf.</sup></p><p>“Kami sangat mengapresiasi Kemenekraf yang sudah membuka ruang diskusi, memberi arahan, serta mendukung pengembang gim lokal seperti kami. Bahkan hanya dengan diingat dan dinotis saja sudah sangat berarti,” ungkap Yudi Tukiaty, Business Growth Director Separuh Interactive.</p><p>Ia menambahkan bahwa IP Agni juga sedang dijajaki untuk kolaborasi komersial dengan brand lokal secara organik. “Dengan dukungan yang tepat, kami percaya industri gim Indonesia bisa tumbuh sebagai pilar ekonomi kreatif digital,” pungkasnya.</p><p><strong>Kiagoos Irvan Faisal</strong></p><p><strong>Plt. Kepala Biro Komunikasi</strong></p><p><strong>Kementerian Ekonomi Kreatif / Badan Ekonomi Kreatif</strong></p>","<p><strong>Jakarta, 16 Juli 2025</strong> — Wakil Menteri Ekonomi Kreatif (Wamen Ekraf), Irene Umar, menyambut positif potensi gim horor naratif &#039;Agni: Village of Calamity&#039; karya studio lokal Separuh Interactive sebagai Intellectual Property (IP) Indonesia yang berkelas global. Pertemuan ini menjadi bagian dari strategi Kementerian Ekraf mendorong industri gim tanah air yang bernilai ekonomi tinggi.</p><p><img src=""https://storage.googleapis.com/kemenekraf/landing_page/post_content_attachments/d8f869a6-f30a-49d9-aad1-a021d8547d97.jpeg"" width=""1600"" height=""1067""></p><p><sup>Wamen Ekraf Dukung Pengembangan Gim Horor &#039;Agni&#039; Karya Developer Lokal Go Global, Jakarta, Rabu (16/7/2025).</sup></p><p>“Yang kita dukung bukan hanya produknya, tapi juga proses kreatif, keberanian bercerita, dan dorongan untuk mengembangkan IP yang kuat dan berkelanjutan,” ujar Wamen Ekraf di Autograph Tower, Jakarta, Rabu, 16 Juli 2025.</p><p>Menurut Wamen Ekraf, Agni adalah contoh gim indie Indonesia yang tidak hanya memiliki kekuatan sinematik, tetapi juga membicarakan isu-isu mendalam seperti trauma perempuan, dengan pendekatan visual yang artistik dan kuat secara identitas lokal.</p><p>Wamen Ekraf menambahkan pentingnya membangun ekosistem yang menyokong bukan hanya hasil akhir, tetapi proses dan keberlanjutan dari IP itu sendiri.</p><p><img src=""https://storage.googleapis.com/kemenekraf/landing_page/post_content_attachments/53f5d42c-d99e-4c5c-99b6-b4aa6d4898b9.jpeg"" width=""1600"" height=""1067""></p><p><sup>Dok. Biro Komunikasi Kemenekraf.</sup> </p><p>Wamen Ekraf memberikan sejumlah masukan strategis, termasuk potensi aktivasi kreatif seperti pengalaman rumah hantu berbasis cerita Agni, serta pemanfaatan IP untuk pengembangan lintas platform. Wamen Ekraf juga membuka kemungkinan untuk menjembatani kolaborasi yang lebih luas—termasuk dengan brand—selama hal tersebut dapat mendukung keberlanjutan ekosistem kreatif.</p><p>“Kalau kita bisa dukung dari awal dan bantu jembatani ke pihak swasta maupun publik, bukan tidak mungkin IP ini bisa berkembang ke banyak bentuk lain: film, grafis, merchandise, bahkan pameran,” jelas Wamen Ekraf.</p><p><img src=""https://storage.googleapis.com/kemenekraf/landing_page/post_content_attachments/45b72ba5-281d-4473-b679-f7677924f26a.jpeg"" width=""1600"" height=""1067""></p><p><sup>Dok. Biro Komunikasi Kemenekraf.</sup></p><p>Tim Separuh Interactive memaparkan bahwa pengembangan gim ini dilakukan secara mandiri dengan mengandalkan talenta lokal, termasuk seniman, animator, dan programmer Indonesia yang terus diasah kemampuannya. Dengan pendekatan in-house dan investasi talenta, mereka berharap bisa menghadirkan produk dengan kualitas global sekaligus membuka ruang kolaborasi lintas subsektor ekraf lainnya seperti musik, fashion, dan film.</p><p>“Yang mahal sekarang bukan teknologi, tapi empowerment. Kita ingin membangun ekosistem, bukan hanya satu produk,” ujar Surgadeva, sutradara kreatif gim Agni.</p><p><img src=""https://storage.googleapis.com/kemenekraf/landing_page/post_content_attachments/28ddaf65-d4cf-47d2-8c85-14b77163d2c4.jpeg"" width=""1600"" height=""1067""></p><p><sup>Dok. Biro Komunikasi Kemenekraf.</sup></p><p>Dia menambahkan bahwa saat ini beberapa musisi dan komposer lokal telah diajak berkolaborasi untuk mengisi soundtrack, dan tim juga terbuka untuk menjajaki kerja sama dengan brand dan institusi yang relevan.</p><p>Gim Agni: Village of Calamity direncanakan rilis pada kuartal ketiga 2026 dan akan tersedia di platform PC dan konsol. Permainan ini mengisahkan seorang operator investigasi penculikan anak yang dihantui rasa bersalah dan dipaksa menghadapi realitas yang bergeser. Hijab yang dikenakan karakter utama menjadi simbol pengendalian diri dalam menghadapi trauma, dan akan menjadi elemen penting dalam alur cerita yang bersifat non-linear.</p><p><img src=""https://storage.googleapis.com/kemenekraf/landing_page/post_content_attachments/43a351b6-01af-4c2e-ab8a-c00aec67e6fb.jpeg"" width=""1600"" height=""1067""></p><p><sup>Dok. Biro Komunikasi Kemenekraf.</sup></p><p>“Kami sangat mengapresiasi Kemenekraf yang sudah membuka ruang diskusi, memberi arahan, serta mendukung pengembang gim lokal seperti kami. Bahkan hanya dengan diingat dan dinotis saja sudah sangat berarti,” ungkap Yudi Tukiaty, Business Growth Director Separuh Interactive.</p><p>Ia menambahkan bahwa IP Agni juga sedang dijajaki untuk kolaborasi komersial dengan brand lokal secara organik. “Dengan dukungan yang tepat, kami percaya industri gim Indonesia bisa tumbuh sebagai pilar ekonomi kreatif digital,” pungkasnya.</p><p><strong>Kiagoos Irvan Faisal</strong></p><p><strong>Plt. Kepala Biro Komunikasi</strong></p><p><strong>Kementerian Ekonomi Kreatif / Badan Ekonomi Kreatif</strong></p>",https://storage.googleapis.com/kemenekraf/landing_page/post_thumbnail_seo/01K0B0E8QXDCTRFA6835N1PJ6R.jpeg,2025-07-16 08:30:00,True,0,72,,,,8,2025-07-17T01:37:03.000000Z,2025-07-18T06:21:51.000000Z,"{'id': 8, 'name': 'Fachri Wahyudi', 'email': 'fachriwahyudi@ekraf.go.id', 'created_at': '2025-01-07T02:16:49.000000Z', 'updated_at': '2025-01-08T06:33:28.000000Z'}","[{'id': 1, 'title': 'Berita', 'slug': 'berita', 'created_at': '2024-12-06T04:30:26.000000Z', 'updated_at': '2024-12-08T01:06:41.000000Z', 'is_feature': False}, {'id': 25, 'title': 'Subsektor Ekonomi Kreatif - Pengembangan Permainan', 'slug': 'subsektor-ekonomi-kreatif-pengembangan-permainan', 'created_at': '2025-02-11T20:27:48.000000Z', 'updated_at': '2025-07-14T09:16:58.000000Z', 'is_feature': False}]","[{'id': 44, 'name': 'Teuku Riefky Harsya', 'created_at': '2025-02-21T14:37:09.000000Z', 'updated_at': '2025-02-21T14:37:09.000000Z'}, {'id': 45, 'name': 'Irene Umar', 'created_at': '2025-02-21T14:37:25.000000Z', 'updated_at': '2025-02-21T14:37:25.000000Z'}, {'id': 46, 'name': 'Menekraf', 'created_at': '2025-02-21T14:37:34.000000Z', 'updated_at': '2025-02-21T14:37:34.000000Z'}, {'id': 47, 'name': 'Wamenekraf', 'created_at': '2025-02-21T14:37:42.000000Z', 'updated_at': '2025-02-21T14:37:42.000000Z'}, {'id': 48, 'name': 'The New Engine Of Growth', 'created_at': '2025-02-21T14:37:54.000000Z', 'updated_at': '2025-02-21T14:37:54.000000Z'}, {'id': 49, 'name': 'Mesin Baru Pertumbuhan Ekonomi', 'created_at': '2025-02-21T14:38:06.000000Z', 'updated_at': '2025-02-21T14:38:06.000000Z'}, {'id': 62, 'name': 'Subsektor Pengembangan Permainan', 'created_at': '2025-02-25T15:23:42.000000Z', 'updated_at': '2025-02-25T15:23:42.000000Z'}]",[],False
544,Kementerian Ekraf Dukung Film Rangga & Cinta Tembus Pasar Global,kementerian-ekraf-dukung-film-rangga-cinta-tembus-pasar-global,"<p><strong>Jakarta, 16 Juli 2025</strong> – Wakil Menteri Ekonomi Kreatif (Wamen Ekraf) Irene Umar menerima audiensi dari Miles Film membahas pengembangan aktivasi kolaborasi dan pendistribusian film Indonesia seperti Rangga &amp; Cinta supaya bisa menembus tayang ke layar global. Kementerian Ekonomi Kreatif akan mengkaji indikator pendistribusian film ke negara lain dengan memahami preferensi dan potensi dari konten produksi film serta aktivasi promosi film tersebut.</p>","<p><strong>Jakarta, 16 Juli 2025 - </strong>Wakil Menteri Ekonomi Kreatif (Wamen Ekraf) Irene Umar menerima audiensi dari Miles Film membahas pengembangan aktivasi kolaborasi dan pendistribusian film Indonesia seperti Rangga &amp; Cinta supaya bisa menembus tayang ke layar global. Kementerian Ekonomi Kreatif akan mengkaji indikator pendistribusian film ke negara lain dengan memahami preferensi dan potensi dari konten produksi film serta aktivasi promosi film tersebut.</p><p><img src=""https://storage.googleapis.com/kemenekraf/landing_page/post_content_attachments/fac6ba86-a09e-4e57-9c3d-182a63a74931.jpg"" width=""1600"" height=""1066""><sub>Dok. Biro Komunikasi Kemenekraf/Bekraf - Wamen Ekraf Audiensi dengan Miles Film, Dorong Perfilman Jadi IP Lokal yang Mengglobal, Jakarta, Rabu (16/7/2025).</sub></p><p>&quot;Kementerian Ekraf akan mendukung Film Rangga &amp; Cinta dengan bentuk kolaborasi bersama berbagai pihak untuk merancang promosi atau pemasaran film yang kreatif. Kami juga ingin memperluas jaringan distribusi film Indonesia, baik di dalam negeri maupun luar negeri,&quot; ucap Wamen Ekraf Irene dalam audiensi yang berlangsung di Gedung Autograph Tower, Thamrin Nine, Jakarta pada Rabu, 16 Juli 2025.</p><p>Wamen Ekraf Irene menilai perlu ada upaya strategi menjangkau layar lokal terlebih dahulu dalam jalur menghidupkan koridor ekonomi kreatif Jakarta dari Blok M sampai Kota Tua. Wamen Ekraf Irene juga menambahkan salah satu pendekatan atau aktivasi kolaborasi bisa dilakukan dengan InJourney supaya bisa buat aktivasi di Bandara International Soekarno Hatta, Taman Mini Indonesia Indah (TMII), Garuda Indonesia, dan tempat atau kanal lain untuk mewujudkan kolaborasi lintas sektor yang mendukung industri film Indonesia.</p><p><img src=""https://storage.googleapis.com/kemenekraf/landing_page/post_content_attachments/47a01417-529b-4e68-b025-98a14ab7568b.jpg"" width=""1600"" height=""1067""><sub>Dok. Biro Komunikasi Kemenekraf/Bekraf.</sub></p><p>“Kementerian Ekraf akan mendukung Film Rangga &amp; Cinta dengan bentuk kolaborasi bersama berbagai pihak untuk merancang promosi atau pemasaran film yang kreatif. Kami juga ingin memperluas jaringan distribusi film Indonesia, baik di dalam negeri maupun luar negeri,” ujar Wamen Ekraf Irene.</p><p>“Salah satu subsektor ekonomi kreatif seperti film harus terus berjalan dan terjaga ekosistemnya. Maka, suatu karya film harus bisa menjadi Intellectual Property (IP) yang harus diperhatikan aspek keuangan, strategi distribusi, dan aktivasi kolaborasi dengan berbagai lembaga maupun jenama lokal sehingga peningkatan kerjasama bisa membawa nilai tambah ekonomi,” imbuh Wamen Ekraf Irene.</p><p><img src=""https://storage.googleapis.com/kemenekraf/landing_page/post_content_attachments/1dae7ba9-5eca-4cce-9f33-b3dc092f6c09.jpg"" width=""1600"" height=""1067""><sub>Dok. Biro Komunikasi Kemenekraf/Bekraf.</sub></p><p>Miles Film merupakan rumah produksi yang berdiri sejak 1995 dan dikenal sebagai pelopor kebangkitan perfilman Indonesia dengan merilis Petualangan Sherina (2000) dan Ada Apa Dengan Cinta (2002) yang menandai kembalinya drama remaja di industri film Indonesia. Selama lebih dari dua dekade, Miles Film telah menghasilkan berbagai macam format film seperti art house, dokumenter, film pendek, film panjang, yang biasanya menjadi box office untuk layar film nasional.</p><p>Salah satu IP film unggulan Miles Film yaitu Ada Apa Dengan Cinta (2002) yang meraih lebih dari 2,7 juta penonton dan Ada Apa Dengan Cinta 2 (2016) yang meraih lebih dari 3,7 juta penonton. Jumlah penonton tertinggi diraih untuk film Laskar Pelangi (2008) yang mencapai lebih dari 4,7 juta penonton.</p><p>Produser Miles Films, Mira Lesmana, menilai keberadaan Kementerian Ekraf menjadi harapan bagi industri kreatif khususnya subsektor film untuk mendorong para sineas perfilman nasional terus berkarya dan karya filmnya memiliki jalur distribusi yang lebih luas.</p><p><img src=""https://storage.googleapis.com/kemenekraf/landing_page/post_content_attachments/68022500-4661-4d37-a3d2-9ba00841b6d8.jpg"" width=""1600"" height=""1067""><sub>Dok. Biro Komunikasi Kemenekraf/Bekraf.</sub></p><p>“Film yang dibuat di Indonesia, terutama yang bisa menggambarkan kehidupan manusia Indonesia biasanya memperlihatkan seperti apa Indonesia secara kultur dan harusnya bisa diperlihatkan ke dunia internasional. Tentu untuk distribusi film bisa melalui beberapa channel, salah satunya dengan memutar film-film Indonesia di festival-festival luar negeri sehingga market kita bisa terbuka lebih jauh lagi,” ungkap Mira Lesmana.</p><p>Sebagai pembina Asosiasi Produser Film Indonesia (APROFI), Mira Lesmana juga meyakini bahwa peran Kementerian Ekraf sangat penting untuk mendukung dari sisi kreator supaya terus bisa kreatif, produktif, dan menjadikan karya-karya film sebagai IP yang kuat sehingga membantu dari sisi ekonomi. Diskusi ini juga membahas strategi produksi dan pemasaran film Rangga &amp; Cinta yang akan rilis pada tanggal 2 Oktober 2025.</p><p>“IP Ada Apa Dengan Cinta sangat besar dan sudah melakukan beberapa eksplorasi melalui film terbaru yang bakal dirilis, Rangga &amp; Cinta. Tak hanya ceritanya, ikonik dari para pemeran, kumpulan puisi, dan lagu-lagu dalam film akan lebih kental untuk merayakan kisah AADC. Semua orang bisa merayakan masa SMA, merayakan keindahan puisi, dan merayakan keindahan lagu melalui berbagai kegiatan promosi, merchandise, buku, fesyen, kosmetik, dan produk-produk lokal lainnya,” ujar Mira Lesmana.</p><p><img src=""https://storage.googleapis.com/kemenekraf/landing_page/post_content_attachments/86e9da4f-3f6c-41c1-8ae5-a67d5434fea8.jpg"" width=""1600"" height=""1067""><sub>Dok. Biro Komunikasi Kemenekraf/Bekraf.</sub></p><p>Dalam pertemuan ini, turut mendampingi Wamen Ekraf Irene yaitu Deputi Bidang Kreativitas Media Agustini Rahayu, Direktur Film, Animasi, dan Video Doni Setiawan, serta Direktur Penerbitan dan Fotografi, Iman Santosa.<br><br></p><p><strong>Kiagoos Irvan Faisal</strong></p><p><strong>Plt. Kepala Biro Komunikasi</strong></p><p><strong>Kementerian Ekonomi Kreatif</strong></p>","<p><strong>Jakarta, 16 Juli 2025 - </strong>Wakil Menteri Ekonomi Kreatif (Wamen Ekraf) Irene Umar menerima audiensi dari Miles Film membahas pengembangan aktivasi kolaborasi dan pendistribusian film Indonesia seperti Rangga &amp; Cinta supaya bisa menembus tayang ke layar global. Kementerian Ekonomi Kreatif akan mengkaji indikator pendistribusian film ke negara lain dengan memahami preferensi dan potensi dari konten produksi film serta aktivasi promosi film tersebut.</p><p><img src=""https://storage.googleapis.com/kemenekraf/landing_page/post_content_attachments/fac6ba86-a09e-4e57-9c3d-182a63a74931.jpg"" width=""1600"" height=""1066""><sub>Dok. Biro Komunikasi Kemenekraf/Bekraf - Wamen Ekraf Audiensi dengan Miles Film, Dorong Perfilman Jadi IP Lokal yang Mengglobal, Jakarta, Rabu (16/7/2025).</sub></p><p>&quot;Kementerian Ekraf akan mendukung Film Rangga &amp; Cinta dengan bentuk kolaborasi bersama berbagai pihak untuk merancang promosi atau pemasaran film yang kreatif. Kami juga ingin memperluas jaringan distribusi film Indonesia, baik di dalam negeri maupun luar negeri,&quot; ucap Wamen Ekraf Irene dalam audiensi yang berlangsung di Gedung Autograph Tower, Thamrin Nine, Jakarta pada Rabu, 16 Juli 2025.</p><p>Wamen Ekraf Irene menilai perlu ada upaya strategi menjangkau layar lokal terlebih dahulu dalam jalur menghidupkan koridor ekonomi kreatif Jakarta dari Blok M sampai Kota Tua. Wamen Ekraf Irene juga menambahkan salah satu pendekatan atau aktivasi kolaborasi bisa dilakukan dengan InJourney supaya bisa buat aktivasi di Bandara International Soekarno Hatta, Taman Mini Indonesia Indah (TMII), Garuda Indonesia, dan tempat atau kanal lain untuk mewujudkan kolaborasi lintas sektor yang mendukung industri film Indonesia.</p><p><img src=""https://storage.googleapis.com/kemenekraf/landing_page/post_content_attachments/47a01417-529b-4e68-b025-98a14ab7568b.jpg"" width=""1600"" height=""1067""><sub>Dok. Biro Komunikasi Kemenekraf/Bekraf.</sub></p><p>“Kementerian Ekraf akan mendukung Film Rangga &amp; Cinta dengan bentuk kolaborasi bersama berbagai pihak untuk merancang promosi atau pemasaran film yang kreatif. Kami juga ingin memperluas jaringan distribusi film Indonesia, baik di dalam negeri maupun luar negeri,” ujar Wamen Ekraf Irene.</p><p>“Salah satu subsektor ekonomi kreatif seperti film harus terus berjalan dan terjaga ekosistemnya. Maka, suatu karya film harus bisa menjadi Intellectual Property (IP) yang harus diperhatikan aspek keuangan, strategi distribusi, dan aktivasi kolaborasi dengan berbagai lembaga maupun jenama lokal sehingga peningkatan kerjasama bisa membawa nilai tambah ekonomi,” imbuh Wamen Ekraf Irene.</p><p><img src=""https://storage.googleapis.com/kemenekraf/landing_page/post_content_attachments/1dae7ba9-5eca-4cce-9f33-b3dc092f6c09.jpg"" width=""1600"" height=""1067""><sub>Dok. Biro Komunikasi Kemenekraf/Bekraf.</sub></p><p>Miles Film merupakan rumah produksi yang berdiri sejak 1995 dan dikenal sebagai pelopor kebangkitan perfilman Indonesia dengan merilis Petualangan Sherina (2000) dan Ada Apa Dengan Cinta (2002) yang menandai kembalinya drama remaja di industri film Indonesia. Selama lebih dari dua dekade, Miles Film telah menghasilkan berbagai macam format film seperti art house, dokumenter, film pendek, film panjang, yang biasanya menjadi box office untuk layar film nasional.</p><p>Salah satu IP film unggulan Miles Film yaitu Ada Apa Dengan Cinta (2002) yang meraih lebih dari 2,7 juta penonton dan Ada Apa Dengan Cinta 2 (2016) yang meraih lebih dari 3,7 juta penonton. Jumlah penonton tertinggi diraih untuk film Laskar Pelangi (2008) yang mencapai lebih dari 4,7 juta penonton.</p><p>Produser Miles Films, Mira Lesmana, menilai keberadaan Kementerian Ekraf menjadi harapan bagi industri kreatif khususnya subsektor film untuk mendorong para sineas perfilman nasional terus berkarya dan karya filmnya memiliki jalur distribusi yang lebih luas.</p><p><img src=""https://storage.googleapis.com/kemenekraf/landing_page/post_content_attachments/68022500-4661-4d37-a3d2-9ba00841b6d8.jpg"" width=""1600"" height=""1067""><sub>Dok. Biro Komunikasi Kemenekraf/Bekraf.</sub></p><p>“Film yang dibuat di Indonesia, terutama yang bisa menggambarkan kehidupan manusia Indonesia biasanya memperlihatkan seperti apa Indonesia secara kultur dan harusnya bisa diperlihatkan ke dunia internasional. Tentu untuk distribusi film bisa melalui beberapa channel, salah satunya dengan memutar film-film Indonesia di festival-festival luar negeri sehingga market kita bisa terbuka lebih jauh lagi,” ungkap Mira Lesmana.</p><p>Sebagai pembina Asosiasi Produser Film Indonesia (APROFI), Mira Lesmana juga meyakini bahwa peran Kementerian Ekraf sangat penting untuk mendukung dari sisi kreator supaya terus bisa kreatif, produktif, dan menjadikan karya-karya film sebagai IP yang kuat sehingga membantu dari sisi ekonomi. Diskusi ini juga membahas strategi produksi dan pemasaran film Rangga &amp; Cinta yang akan rilis pada tanggal 2 Oktober 2025.</p><p>“IP Ada Apa Dengan Cinta sangat besar dan sudah melakukan beberapa eksplorasi melalui film terbaru yang bakal dirilis, Rangga &amp; Cinta. Tak hanya ceritanya, ikonik dari para pemeran, kumpulan puisi, dan lagu-lagu dalam film akan lebih kental untuk merayakan kisah AADC. Semua orang bisa merayakan masa SMA, merayakan keindahan puisi, dan merayakan keindahan lagu melalui berbagai kegiatan promosi, merchandise, buku, fesyen, kosmetik, dan produk-produk lokal lainnya,” ujar Mira Lesmana.</p><p><img src=""https://storage.googleapis.com/kemenekraf/landing_page/post_content_attachments/86e9da4f-3f6c-41c1-8ae5-a67d5434fea8.jpg"" width=""1600"" height=""1067""><sub>Dok. Biro Komunikasi Kemenekraf/Bekraf.</sub></p><p>Dalam pertemuan ini, turut mendampingi Wamen Ekraf Irene yaitu Deputi Bidang Kreativitas Media Agustini Rahayu, Direktur Film, Animasi, dan Video Doni Setiawan, serta Direktur Penerbitan dan Fotografi, Iman Santosa.<br><br></p><p><strong>Kiagoos Irvan Faisal</strong></p><p><strong>Plt. Kepala Biro Komunikasi</strong></p><p><strong>Kementerian Ekonomi Kreatif</strong></p>",https://storage.googleapis.com/kemenekraf/landing_page/post_thumbnail_seo/01K09XAV839VHNVQY42T6M5FKC.jpg,2025-07-16 22:03:00,True,0,80,,,,8,2025-07-16T15:23:31.000000Z,2025-07-18T06:54:24.000000Z,"{'id': 8, 'name': 'Fachri Wahyudi', 'email': 'fachriwahyudi@ekraf.go.id', 'created_at': '2025-01-07T02:16:49.000000Z', 'updated_at': '2025-01-08T06:33:28.000000Z'}","[{'id': 1, 'title': 'Berita', 'slug': 'berita', 'created_at': '2024-12-06T04:30:26.000000Z', 'updated_at': '2024-12-08T01:06:41.000000Z', 'is_feature': False}]","[{'id': 12, 'name': 'Kolaborasi', 'created_at': '2025-02-07T05:21:34.000000Z', 'updated_at': '2025-02-07T05:21:34.000000Z'}, {'id': 43, 'name': 'Ekraf', 'created_at': '2025-02-21T14:36:17.000000Z', 'updated_at': '2025-02-21T14:36:17.000000Z'}, {'id': 45, 'name': 'Irene Umar', 'created_at': '2025-02-21T14:37:25.000000Z', 'updated_at': '2025-02-21T14:37:25.000000Z'}, {'id': 47, 'name': 'Wamenekraf', 'created_at': '2025-02-21T14:37:42.000000Z', 'updated_at': '2025-02-21T14:37:42.000000Z'}, {'id': 91, 'name': 'Subsektor Film, Animasi, dan Video', 'created_at': '2025-03-04T14:27:07.000000Z', 'updated_at': '2025-03-04T14:27:07.000000Z'}, {'id': 123, 'name': 'Potensi Kerjasama', 'created_at': '2025-03-11T16:31:08.000000Z', 'updated_at': '2025-03-11T16:31:08.000000Z'}, {'id': 126, 'name': 'Lapangan Kerja', 'created_at': '2025-03-13T15:49:53.000000Z', 'updated_at': '2025-03-13T15:49:53.000000Z'}, {'id': 154, 'name': 'Kolaborasi Industri Kreatif', 'created_at': '2025-03-20T07:12:09.000000Z', 'updated_at': '2025-03-20T07:12:09.000000Z'}, {'id': 182, 'name': 'Aksi Nyata Perluasan Lapangan Kerja', 'created_at': '2025-04-11T02:36:06.000000Z', 'updated_at': '2025-04-11T02:36:06.000000Z'}, {'id': 194, 'name': 'Ekraf Berkualitas', 'created_at': '2025-04-21T23:46:31.000000Z', 'updated_at': '2025-04-21T23:46:31.000000Z'}, {'id': 210, 'name': 'Akselerasi Subsektor Unggulan dan Pembukaan Lapangan Kerja', 'created_at': '2025-04-26T07:44:44.000000Z', 'updated_at': '2025-04-26T07:44:44.000000Z'}, {'id': 228, 'name': 'Kerja Terlaksana Kita Jadi Bisa', 'created_at': '2025-05-01T08:01:00.000000Z', 'updated_at': '2025-05-01T08:01:00.000000Z'}, {'id': 267, 'name': 'Kemenekraf/Bekraf', 'created_at': '2025-05-26T15:38:02.000000Z', 'updated_at': '2025-05-26T15:38:02.000000Z'}]",[],False
543,"  Wamen Ekraf Hadiri Peresmian ATRAKSI, Dorong Penguatan Ekosistem Tari dan Koreografi Nasional",wamen-ekraf-hadiri-peresmian-atraksi-dorong-penguatan-ekosistem-tari-dan-koreografi-nasional,"<p><strong>Jakarta, 15 Juli 2025</strong> - Kementerian Ekonomi Kreatif (Ekraf) mendukung kelahiran Asosiasi Tari dan Koreografer Indonesia (ATRAKSI) yang akan menjadi wadah bagi 500 penari profesional dari berbagai genre. Hal ini disampaikan Wakil Menteri Ekonomi Kreatif (Wamen Ekraf), Irene Umar, dalam peresmian ATRAKSI yang digelar di Galeri Indonesia Kaya, Jakarta, Selasa, 15 Juli 2025.</p>","<p><strong>Jakarta, 15 Juli 2025</strong> - Kementerian Ekonomi Kreatif (Ekraf) mendukung kelahiran Asosiasi Tari dan Koreografer Indonesia (ATRAKSI) yang akan menjadi wadah bagi 500 penari profesional dari berbagai genre. Hal ini disampaikan Wakil Menteri Ekonomi Kreatif (Wamen Ekraf), Irene Umar, dalam peresmian ATRAKSI yang digelar di Galeri Indonesia Kaya, Jakarta, Selasa, 15 Juli 2025.</p><p><img src=""https://storage.googleapis.com/kemenekraf/landing_page/post_content_attachments/68ae88d4-5fb6-4d4c-9b0a-cba314ced899.jpeg"" width=""1600"" height=""1066""><span style=""font-size: 10.4px; vertical-align: super;""><sub>Wamen Ekraf Hadiri Peresmian ATRAKSI, Dorong Penguatan Ekosistem Tari dan Koreografi Nasional, Jakarta, Selasa (15/7/2025).</sub></span></p><p>“Dengan hadirnya ATRAKSI, yang merupakan sebuah asosiasi dapat berkolaborasi dengan pemerintah. Kolaborasi akan memberikan informasi mengenai program-program dari pemerintah untuk para teman-teman pegiat seni tari, serta dengan cepat dan tepat menyalurkan informasi tersebut,” ujar Wamen Ekraf dalam sambutannya.</p><p>Wamen Ekraf berharap ATRAKSI dapat menjadi penghubung lintas daerah dan generasi dalam memperkuat posisi seni tari di kancah nasional maupun global. Menurut Wamen Ekraf, keberadaan asosiasi ini membuka ruang dialog, kolaborasi, serta pemberdayaan yang lebih luas bagi para pelaku seni tari.</p><p><img src=""https://storage.googleapis.com/kemenekraf/landing_page/post_content_attachments/150c1179-ea8b-4ea9-8c2e-8ae9cb243d14.jpeg"" width=""1600"" height=""1066""><span style=""font-size: 10.4px; vertical-align: super;"">Dok. Biro Komunikasi Kemenekraf.</span></p><p>&quot;Saya berharap agar ATRAKSI terus bersatu tetap kompak, tetap solid, tidak mau tau genre nya apa yang penting kita terus berkarya dan menjadi satu, yaitu Indonesia,&quot; ujar Wamen Ekraf.</p><p>ATRAKSI resmi diluncurkan sebagai respons atas kebutuhan para penari dan koreografer di Indonesia akan wadah kolaboratif yang profesional, inklusif, serta mampu menjadi ruang advokasi dan penguatan kapasitas. Asosiasi ini hadir sebagai rumah bersama bagi pelaku industri tari dari berbagai latar belakang mulai dari koreografer, sanggar, komunitas, hingga institusi pendidikan untuk bersama-sama menyusun strategi pengembangan sektor tari yang berkelanjutan.</p><p><img src=""https://storage.googleapis.com/kemenekraf/landing_page/post_content_attachments/5106fe50-6f02-4355-a8e4-5859310c0753.jpeg"" width=""1600"" height=""1067""><span style=""font-size: 10.4px;"">Dok. Biro Komunikasi Kemenekraf.</span></p><p>Ketua ATRAKSI, Muhammad Reza mengatakan ATRAKSI lahir dari sebuah keresahan untuk mampu membangun wadah para seniman tari, dengan slogan lintas generasi dan lintas genre.</p><p>&quot;Saya membayangkan Indonesia yang penuh keragaman dalam seni tari memiliki satu rumah yang mampu menaungi dan mengutarakan aspirasinya untuk dapat lebih didengar,&quot; jelas Wamen Ekraf.</p><div class=""lead""><p><img src=""https://storage.googleapis.com/kemenekraf/landing_page/post_content_attachments/ec54320b-e70b-4326-bf41-04ee1fea627a.jpeg"" width=""1600"" height=""1066""><span style=""font-size: 6.76px; vertical-align: super;""><small>Dok. Biro Komunikasi Kemenekraf.</small></span></p></div><p>Hadir dalam peresmian tersebut Staf Khusus Presiden Bidang Ekonomi Kreatif, Yovie Widianto; Wakil Menteri Kebudayaan, Giring Ganesha; serta sejumlah pejabat eselon I dan II dari Kementerian Kebudayaan, Pemerintah Provinsi DKI Jakarta, serta pejabat BPJS Ketenagakerjaan.</p><p>Wamen Ekraf didampingi oleh Deputi Bidang Kreativitas Budaya dan Desain, Yuke Sri Rahayu, serta Direktur Seni Pertunjukan, Dadam Mahdar.</p><p><strong>Kiagoos Irvan Faisal</strong></p><p><strong>Plt. Kepala Biro Komunikasi</strong></p><p><strong>Kementerian Ekonomi Kreatif/Badan Ekonomi Kreatif</strong></p>","<p><strong>Jakarta, 15 Juli 2025</strong> - Kementerian Ekonomi Kreatif (Ekraf) mendukung kelahiran Asosiasi Tari dan Koreografer Indonesia (ATRAKSI) yang akan menjadi wadah bagi 500 penari profesional dari berbagai genre. Hal ini disampaikan Wakil Menteri Ekonomi Kreatif (Wamen Ekraf), Irene Umar, dalam peresmian ATRAKSI yang digelar di Galeri Indonesia Kaya, Jakarta, Selasa, 15 Juli 2025.</p><p><img src=""https://storage.googleapis.com/kemenekraf/landing_page/post_content_attachments/68ae88d4-5fb6-4d4c-9b0a-cba314ced899.jpeg"" width=""1600"" height=""1066""><span style=""font-size: 10.4px; vertical-align: super;""><sub>Wamen Ekraf Hadiri Peresmian ATRAKSI, Dorong Penguatan Ekosistem Tari dan Koreografi Nasional, Jakarta, Selasa (15/7/2025).</sub></span></p><p>“Dengan hadirnya ATRAKSI, yang merupakan sebuah asosiasi dapat berkolaborasi dengan pemerintah. Kolaborasi akan memberikan informasi mengenai program-program dari pemerintah untuk para teman-teman pegiat seni tari, serta dengan cepat dan tepat menyalurkan informasi tersebut,” ujar Wamen Ekraf dalam sambutannya.</p><p>Wamen Ekraf berharap ATRAKSI dapat menjadi penghubung lintas daerah dan generasi dalam memperkuat posisi seni tari di kancah nasional maupun global. Menurut Wamen Ekraf, keberadaan asosiasi ini membuka ruang dialog, kolaborasi, serta pemberdayaan yang lebih luas bagi para pelaku seni tari.</p><p><img src=""https://storage.googleapis.com/kemenekraf/landing_page/post_content_attachments/150c1179-ea8b-4ea9-8c2e-8ae9cb243d14.jpeg"" width=""1600"" height=""1066""><span style=""font-size: 10.4px; vertical-align: super;"">Dok. Biro Komunikasi Kemenekraf.</span></p><p>&quot;Saya berharap agar ATRAKSI terus bersatu tetap kompak, tetap solid, tidak mau tau genre nya apa yang penting kita terus berkarya dan menjadi satu, yaitu Indonesia,&quot; ujar Wamen Ekraf.</p><p>ATRAKSI resmi diluncurkan sebagai respons atas kebutuhan para penari dan koreografer di Indonesia akan wadah kolaboratif yang profesional, inklusif, serta mampu menjadi ruang advokasi dan penguatan kapasitas. Asosiasi ini hadir sebagai rumah bersama bagi pelaku industri tari dari berbagai latar belakang mulai dari koreografer, sanggar, komunitas, hingga institusi pendidikan untuk bersama-sama menyusun strategi pengembangan sektor tari yang berkelanjutan.</p><p><img src=""https://storage.googleapis.com/kemenekraf/landing_page/post_content_attachments/5106fe50-6f02-4355-a8e4-5859310c0753.jpeg"" width=""1600"" height=""1067""><span style=""font-size: 10.4px;"">Dok. Biro Komunikasi Kemenekraf.</span></p><p>Ketua ATRAKSI, Muhammad Reza mengatakan ATRAKSI lahir dari sebuah keresahan untuk mampu membangun wadah para seniman tari, dengan slogan lintas generasi dan lintas genre.</p><p>&quot;Saya membayangkan Indonesia yang penuh keragaman dalam seni tari memiliki satu rumah yang mampu menaungi dan mengutarakan aspirasinya untuk dapat lebih didengar,&quot; jelas Wamen Ekraf.</p><div class=""lead""><p><img src=""https://storage.googleapis.com/kemenekraf/landing_page/post_content_attachments/ec54320b-e70b-4326-bf41-04ee1fea627a.jpeg"" width=""1600"" height=""1066""><span style=""font-size: 6.76px; vertical-align: super;""><small>Dok. Biro Komunikasi Kemenekraf.</small></span></p></div><p>Hadir dalam peresmian tersebut Staf Khusus Presiden Bidang Ekonomi Kreatif, Yovie Widianto; Wakil Menteri Kebudayaan, Giring Ganesha; serta sejumlah pejabat eselon I dan II dari Kementerian Kebudayaan, Pemerintah Provinsi DKI Jakarta, serta pejabat BPJS Ketenagakerjaan.</p><p>Wamen Ekraf didampingi oleh Deputi Bidang Kreativitas Budaya dan Desain, Yuke Sri Rahayu, serta Direktur Seni Pertunjukan, Dadam Mahdar.</p><p><strong>Kiagoos Irvan Faisal</strong></p><p><strong>Plt. Kepala Biro Komunikasi</strong></p><p><strong>Kementerian Ekonomi Kreatif/Badan Ekonomi Kreatif</strong></p>",https://storage.googleapis.com/kemenekraf/landing_page/post_thumbnail_seo/01K08R1BJH1A1C741YD1E985K5.jpeg,2025-07-15 11:23:00,True,0,45,,,,8,2025-07-16T04:31:42.000000Z,2025-07-18T04:42:35.000000Z,"{'id': 8, 'name': 'Fachri Wahyudi', 'email': 'fachriwahyudi@ekraf.go.id', 'created_at': '2025-01-07T02:16:49.000000Z', 'updated_at': '2025-01-08T06:33:28.000000Z'}","[{'id': 1, 'title': 'Berita', 'slug': 'berita', 'created_at': '2024-12-06T04:30:26.000000Z', 'updated_at': '2024-12-08T01:06:41.000000Z', 'is_feature': False}, {'id': 11, 'title': 'Subsektor Ekonomi Kreatif - Seni Pertunjukan', 'slug': 'subsektor-ekonomi-kreatif-seni-pertunjukan', 'created_at': '2025-02-11T20:07:21.000000Z', 'updated_at': '2025-02-11T20:07:21.000000Z', 'is_feature': False}]","[{'id': 44, 'name': 'Teuku Riefky Harsya', 'created_at': '2025-02-21T14:37:09.000000Z', 'updated_at': '2025-02-21T14:37:09.000000Z'}, {'id': 45, 'name': 'Irene Umar', 'created_at': '2025-02-21T14:37:25.000000Z', 'updated_at': '2025-02-21T14:37:25.000000Z'}, {'id': 46, 'name': 'Menekraf', 'created_at': '2025-02-21T14:37:34.000000Z', 'updated_at': '2025-02-21T14:37:34.000000Z'}, {'id': 47, 'name': 'Wamenekraf', 'created_at': '2025-02-21T14:37:42.000000Z', 'updated_at': '2025-02-21T14:37:42.000000Z'}, {'id': 48, 'name': 'The New Engine Of Growth', 'created_at': '2025-02-21T14:37:54.000000Z', 'updated_at': '2025-02-21T14:37:54.000000Z'}, {'id': 49, 'name': 'Mesin Baru Pertumbuhan Ekonomi', 'created_at': '2025-02-21T14:38:06.000000Z', 'updated_at': '2025-02-21T14:38:06.000000Z'}, {'id': 80, 'name': 'Subsektor Seni Pertunjukan ', 'created_at': '2025-03-01T05:14:47.000000Z', 'updated_at': '2025-03-01T05:14:47.000000Z'}, {'id': 302, 'name': 'Asosiasi Tari dan Koreografer Indonesia (ATRAKSI)', 'created_at': '2025-07-16T04:25:37.000000Z', 'updated_at': '2025-07-16T04:25:37.000000Z'}]",[],False
542,Wamen Ekraf Bicara Gen Z Agen Transformasi Kreatif Jadi The New Engine of Growth,wamen-ekraf-bicara-gen-z-agen-transformasi-kreatif-jadi-the-new-engine-of-growth,"<p><strong>Jakarta, 15 Juli 2025</strong> — Wakil Menteri Ekonomi Kreatif (Wamen Ekraf) Irene Umar menyebut Gen Z sebagai generasi muda memiliki potensi besar dalam ekonomi kreatif. Pemerintah melalui Kementerian Ekraf hadir sebagai fasilitator agar potensi itu bisa menjadi the new engine of growth.</p><p></p>","<p><strong>Jakarta, 15 Juli 2025</strong> — Wakil Menteri Ekonomi Kreatif (Wamen Ekraf) Irene Umar menyebut Gen Z sebagai generasi muda memiliki potensi besar dalam ekonomi kreatif. Pemerintah melalui Kementerian Ekraf hadir sebagai fasilitator agar potensi itu bisa menjadi the new engine of growth.<br><br><img src=""https://storage.googleapis.com/kemenekraf/landing_page/post_content_attachments/aac3caf4-4dc2-4d7a-be88-fa60f349a8f2.jpeg"" width=""1600"" height=""1066""><sub>Dok. Biro Komunikasi Kemenekraf/Bekraf - Wamenekraf Irene Umar sebut Gen Z sebagai generasi muda yang memiliki potensi besar dalam ekonomi kreatif saat jadi narasumber dalam podcast BellPods, Jakarta, Selasa (15/7/2025).</sub><br><br>“Gen Z adalah digital native sekaligus agen transformasi kreatif. Mereka bukan hanya pengguna teknologi baru seperti NFT, DAO, atau metaverse—tapi juga pencipta. Kita harus hadir sebagai fasilitator agar potensi mereka bisa berkontribusi pada pertumbuhan ekonomi nasional,” ujar Wamen Ekraf Irene pada Selasa, 15 Juli 2025.</p><p>Hal itu disampaikan Wamen Ekraf saat menjadi narasumber dalam episode podcast Bellpods bertajuk ‘Crypto, Gen Z, dan Ekonomi Kreatif: Kombinasi Masa Depan?’ yang dipandu oleh Isybel Harto selaku pelaku industri teknologi Web3 sekaligus pendiri Belsystem. Podcast yang direkam di Move On Multimedia Studio, Green Lake City, Kota Tangerang ini menjadi ruang diskusi terbuka tentang potensi integrasi teknologi blockchain, NFT, dan Web3 dalam pengembangan sektor ekonomi kreatif khususnya bersama generasi muda sebagai penggerak utama inovasi.<br><br><img src=""https://storage.googleapis.com/kemenekraf/landing_page/post_content_attachments/d3209bb8-7f51-4345-95ac-bf365df15698.jpeg"" width=""1600"" height=""1066""><sub>Dok. Biro Komunikasi Kemenekraf/Bekraf.</sub><br><br>Dalam perbincangan tersebut, Wamen Ekraf Irene menegaskan bahwa ekonomi kreatif dan teknologi kini tak dapat dipisahkan. Wamen Ekraf Irene juga menyoroti teknologi kripto dan blockchain sebagai peluang strategis yang relevan.</p><p>Aset digital seperti NFT memungkinkan kreator mengelola distribusi dan monetisasi karya secara langsung tanpa bergantung pada perantara tradisional. Sejumlah seniman visual Indonesia bahkan telah menjual karya mereka kepada kolektor internasional melalui platform global, menunjukkan bahwa daya saing ekraf Indonesia semakin terbuka di kancah dunia.</p><p>Berbagai inisiatif telah dijalankan, mulai dari workshop NFT di Bali Creative Industry Center (BCIC), program inkubasi BEKUP untuk startup berbasis teknologi, hingga kemitraan aktif dengan komunitas Web3 seperti IDNFT dan kolektif seniman digital.</p><p>“Kolaborasi ideal harus berbasis kepercayaan dan nilai bersama. Pemerintah sebagai fasilitator, komunitas kreatif sebagai penggerak inovasi, dan industri sebagai penyedia solusi teknologi,” lanjut Wamen Ekraf Irene.<br><br><img src=""https://storage.googleapis.com/kemenekraf/landing_page/post_content_attachments/230f16d9-d60f-45fb-b6ed-e3e51f2c3364.jpeg"" width=""1600"" height=""1066""><sub>Dok. Biro Komunikasi Kemenekraf/Bekraf.</sub><br><br>Diskusi juga menyinggung fenomena konten viral dan aktivitas daring seperti jualan online di platform seperti TikTok. Menurut Wamen Ekraf Irene, selama membawa nilai ekonomi, budaya, dan etika, semua ekspresi digital dapat menjadi bagian dari ekosistem ekonomi kreatif.</p><p>“Kami tidak mengecilkan kreativitas yang nyeleneh, tapi tugas kita adalah mendorong bentuk-bentuk kreativitas yang membangun dan berkelanjutan,” tegasnya.</p><p>Kementerian Ekraf memastikan arah kebijakan ekonomi kreatif akan terus adaptif terhadap perkembangan teknologi seperti AI, blockchain, dan Web3. Inovasi ini menjadi bagian dari strategi jangka panjang untuk peningkatan daya saing ekraf di tingkat global, dengan fokus utama pada penciptaan ruang kerja kreatif dan inklusif bagi generasi muda.</p><p>Podcast Bellpods sendiri dikenal sebagai kanal edukatif yang mengangkat tema teknologi dan kreativitas dengan pendekatan dialog yang santai namun substansial. Episode ini diharapkan menjadi pemantik kolaborasi antara kreator muda, komunitas digital, dan pemerintah dalam membangun ekosistem ekonomi kreatif digital yang inklusif, berdaya saing, dan berkelanjutan.<br></p><p><strong>Kiagoos Irvan Faisal</strong></p><p><strong>Plt. Kepala Biro Komunikasi</strong></p><p><strong>Kementerian Ekonomi Kreatif/Badan Ekonomi Kreatif</strong></p>","<p><strong>Jakarta, 15 Juli 2025</strong> — Wakil Menteri Ekonomi Kreatif (Wamen Ekraf) Irene Umar menyebut Gen Z sebagai generasi muda memiliki potensi besar dalam ekonomi kreatif. Pemerintah melalui Kementerian Ekraf hadir sebagai fasilitator agar potensi itu bisa menjadi the new engine of growth.<br><br><img src=""https://storage.googleapis.com/kemenekraf/landing_page/post_content_attachments/aac3caf4-4dc2-4d7a-be88-fa60f349a8f2.jpeg"" width=""1600"" height=""1066""><sub>Dok. Biro Komunikasi Kemenekraf/Bekraf - Wamenekraf Irene Umar sebut Gen Z sebagai generasi muda yang memiliki potensi besar dalam ekonomi kreatif saat jadi narasumber dalam podcast BellPods, Jakarta, Selasa (15/7/2025).</sub><br><br>“Gen Z adalah digital native sekaligus agen transformasi kreatif. Mereka bukan hanya pengguna teknologi baru seperti NFT, DAO, atau metaverse—tapi juga pencipta. Kita harus hadir sebagai fasilitator agar potensi mereka bisa berkontribusi pada pertumbuhan ekonomi nasional,” ujar Wamen Ekraf Irene pada Selasa, 15 Juli 2025.</p><p>Hal itu disampaikan Wamen Ekraf saat menjadi narasumber dalam episode podcast Bellpods bertajuk ‘Crypto, Gen Z, dan Ekonomi Kreatif: Kombinasi Masa Depan?’ yang dipandu oleh Isybel Harto selaku pelaku industri teknologi Web3 sekaligus pendiri Belsystem. Podcast yang direkam di Move On Multimedia Studio, Green Lake City, Kota Tangerang ini menjadi ruang diskusi terbuka tentang potensi integrasi teknologi blockchain, NFT, dan Web3 dalam pengembangan sektor ekonomi kreatif khususnya bersama generasi muda sebagai penggerak utama inovasi.<br><br><img src=""https://storage.googleapis.com/kemenekraf/landing_page/post_content_attachments/d3209bb8-7f51-4345-95ac-bf365df15698.jpeg"" width=""1600"" height=""1066""><sub>Dok. Biro Komunikasi Kemenekraf/Bekraf.</sub><br><br>Dalam perbincangan tersebut, Wamen Ekraf Irene menegaskan bahwa ekonomi kreatif dan teknologi kini tak dapat dipisahkan. Wamen Ekraf Irene juga menyoroti teknologi kripto dan blockchain sebagai peluang strategis yang relevan.</p><p>Aset digital seperti NFT memungkinkan kreator mengelola distribusi dan monetisasi karya secara langsung tanpa bergantung pada perantara tradisional. Sejumlah seniman visual Indonesia bahkan telah menjual karya mereka kepada kolektor internasional melalui platform global, menunjukkan bahwa daya saing ekraf Indonesia semakin terbuka di kancah dunia.</p><p>Berbagai inisiatif telah dijalankan, mulai dari workshop NFT di Bali Creative Industry Center (BCIC), program inkubasi BEKUP untuk startup berbasis teknologi, hingga kemitraan aktif dengan komunitas Web3 seperti IDNFT dan kolektif seniman digital.</p><p>“Kolaborasi ideal harus berbasis kepercayaan dan nilai bersama. Pemerintah sebagai fasilitator, komunitas kreatif sebagai penggerak inovasi, dan industri sebagai penyedia solusi teknologi,” lanjut Wamen Ekraf Irene.<br><br><img src=""https://storage.googleapis.com/kemenekraf/landing_page/post_content_attachments/230f16d9-d60f-45fb-b6ed-e3e51f2c3364.jpeg"" width=""1600"" height=""1066""><sub>Dok. Biro Komunikasi Kemenekraf/Bekraf.</sub><br><br>Diskusi juga menyinggung fenomena konten viral dan aktivitas daring seperti jualan online di platform seperti TikTok. Menurut Wamen Ekraf Irene, selama membawa nilai ekonomi, budaya, dan etika, semua ekspresi digital dapat menjadi bagian dari ekosistem ekonomi kreatif.</p><p>“Kami tidak mengecilkan kreativitas yang nyeleneh, tapi tugas kita adalah mendorong bentuk-bentuk kreativitas yang membangun dan berkelanjutan,” tegasnya.</p><p>Kementerian Ekraf memastikan arah kebijakan ekonomi kreatif akan terus adaptif terhadap perkembangan teknologi seperti AI, blockchain, dan Web3. Inovasi ini menjadi bagian dari strategi jangka panjang untuk peningkatan daya saing ekraf di tingkat global, dengan fokus utama pada penciptaan ruang kerja kreatif dan inklusif bagi generasi muda.</p><p>Podcast Bellpods sendiri dikenal sebagai kanal edukatif yang mengangkat tema teknologi dan kreativitas dengan pendekatan dialog yang santai namun substansial. Episode ini diharapkan menjadi pemantik kolaborasi antara kreator muda, komunitas digital, dan pemerintah dalam membangun ekosistem ekonomi kreatif digital yang inklusif, berdaya saing, dan berkelanjutan.<br></p><p><strong>Kiagoos Irvan Faisal</strong></p><p><strong>Plt. Kepala Biro Komunikasi</strong></p><p><strong>Kementerian Ekonomi Kreatif/Badan Ekonomi Kreatif</strong></p>",https://storage.googleapis.com/kemenekraf/landing_page/post_thumbnail_seo/01K07PEBT3M27EDE86RNDVXAST.jpeg,2025-07-15 01:38:17,True,0,50,,,,8,2025-07-15T18:44:37.000000Z,2025-07-18T04:42:09.000000Z,"{'id': 8, 'name': 'Fachri Wahyudi', 'email': 'fachriwahyudi@ekraf.go.id', 'created_at': '2025-01-07T02:16:49.000000Z', 'updated_at': '2025-01-08T06:33:28.000000Z'}","[{'id': 1, 'title': 'Berita', 'slug': 'berita', 'created_at': '2024-12-06T04:30:26.000000Z', 'updated_at': '2024-12-08T01:06:41.000000Z', 'is_feature': False}]","[{'id': 9, 'name': 'Industri Kreatif', 'created_at': '2025-02-07T01:34:02.000000Z', 'updated_at': '2025-02-07T01:34:02.000000Z'}, {'id': 12, 'name': 'Kolaborasi', 'created_at': '2025-02-07T05:21:34.000000Z', 'updated_at': '2025-02-07T05:21:34.000000Z'}, {'id': 32, 'name': 'Ekonomi Kreatif', 'created_at': '2025-02-14T15:24:33.000000Z', 'updated_at': '2025-02-14T15:24:33.000000Z'}, {'id': 40, 'name': 'Kreatif', 'created_at': '2025-02-20T03:48:01.000000Z', 'updated_at': '2025-02-20T03:48:01.000000Z'}, {'id': 45, 'name': 'Irene Umar', 'created_at': '2025-02-21T14:37:25.000000Z', 'updated_at': '2025-02-21T14:37:25.000000Z'}, {'id': 47, 'name': 'Wamenekraf', 'created_at': '2025-02-21T14:37:42.000000Z', 'updated_at': '2025-02-21T14:37:42.000000Z'}, {'id': 48, 'name': 'The New Engine Of Growth', 'created_at': '2025-02-21T14:37:54.000000Z', 'updated_at': '2025-02-21T14:37:54.000000Z'}, {'id': 49, 'name': 'Mesin Baru Pertumbuhan Ekonomi', 'created_at': '2025-02-21T14:38:06.000000Z', 'updated_at': '2025-02-21T14:38:06.000000Z'}, {'id': 67, 'name': 'Pemberdayaan Ekonomi', 'created_at': '2025-02-26T15:42:00.000000Z', 'updated_at': '2025-02-26T15:42:00.000000Z'}, {'id': 95, 'name': 'Subsektor Televisi dan Radio', 'created_at': '2025-03-04T14:49:58.000000Z', 'updated_at': '2025-03-04T14:49:58.000000Z'}, {'id': 108, 'name': 'Potensi Kolaborasi', 'created_at': '2025-03-06T13:19:32.000000Z', 'updated_at': '2025-03-06T13:19:32.000000Z'}, {'id': 123, 'name': 'Potensi Kerjasama', 'created_at': '2025-03-11T16:31:08.000000Z', 'updated_at': '2025-03-11T16:31:08.000000Z'}, {'id': 126, 'name': 'Lapangan Kerja', 'created_at': '2025-03-13T15:49:53.000000Z', 'updated_at': '2025-03-13T15:49:53.000000Z'}, {'id': 128, 'name': 'Pertumbuhan Ekonomi Nasional', 'created_at': '2025-03-13T15:51:22.000000Z', 'updated_at': '2025-03-13T15:51:22.000000Z'}, {'id': 134, 'name': 'Konten Kreator ', 'created_at': '2025-03-15T05:27:14.000000Z', 'updated_at': '2025-03-15T05:27:14.000000Z'}, {'id': 139, 'name': 'Seni Pemicu Ekonomi Kreatif ', 'created_at': '2025-03-15T14:15:38.000000Z', 'updated_at': '2025-03-15T14:15:38.000000Z'}, {'id': 154, 'name': 'Kolaborasi Industri Kreatif', 'created_at': '2025-03-20T07:12:09.000000Z', 'updated_at': '2025-03-20T07:12:09.000000Z'}, {'id': 182, 'name': 'Aksi Nyata Perluasan Lapangan Kerja', 'created_at': '2025-04-11T02:36:06.000000Z', 'updated_at': '2025-04-11T02:36:06.000000Z'}, {'id': 210, 'name': 'Akselerasi Subsektor Unggulan dan Pembukaan Lapangan Kerja', 'created_at': '2025-04-26T07:44:44.000000Z', 'updated_at': '2025-04-26T07:44:44.000000Z'}, {'id': 211, 'name': 'Potensi Subsektor Musik Serap Tenaga Kerja Kreatif', 'created_at': '2025-04-26T08:06:24.000000Z', 'updated_at': '2025-04-26T08:06:24.000000Z'}, {'id': 228, 'name': 'Kerja Terlaksana Kita Jadi Bisa', 'created_at': '2025-05-01T08:01:00.000000Z', 'updated_at': '2025-05-01T08:01:00.000000Z'}, {'id': 234, 'name': 'Membangun Ekonomi Kreatif dari Daerah', 'created_at': '2025-05-02T15:34:43.000000Z', 'updated_at': '2025-05-02T15:34:43.000000Z'}, {'id': 245, 'name': 'Majukan Industri Kreatif', 'created_at': '2025-05-09T15:36:42.000000Z', 'updated_at': '2025-05-09T15:36:42.000000Z'}, {'id': 266, 'name': 'Kreator', 'created_at': '2025-05-26T06:12:36.000000Z', 'updated_at': '2025-05-26T06:12:36.000000Z'}, {'id': 267, 'name': 'Kemenekraf/Bekraf', 'created_at': '2025-05-26T15:38:02.000000Z', 'updated_at': '2025-05-26T15:38:02.000000Z'}, {'id': 286, 'name': 'Ciptakan Talenta Kreatif', 'created_at': '2025-06-14T05:37:06.000000Z', 'updated_at': '2025-06-14T05:37:06.000000Z'}]",[],False
541,Wamen Ekraf Dorong Industri Tekstil dan Produk Kreatif Lebarkan Sayap ke Pasar Digital,wamen-ekraf-dorong-industri-tekstil-dan-produk-kreatif-lebarkan-sayap-ke-pasar-digital,"<p><strong>Jakarta, 15 Juli 2025 </strong>– Wakil Menteri Ekonomi Kreatif (Wamen Ekraf) Irene Umar menerima audiensi dari Threads of Life yang merupakan galeri dan pusat penjualan tekstil tradisional Bali. Pertemuan ini menjadi salah satu bukti Kementerian Ekraf memperkuat para pejuang ekonomi kreatif dari daerah.</p>","<p><strong>Jakarta, 15 Juli 2025</strong> – Wakil Menteri Ekonomi Kreatif (Wamen Ekraf) Irene Umar menerima audiensi dari Threads of Life yang merupakan galeri dan pusat penjualan tekstil tradisional Bali. Pertemuan ini menjadi salah satu bukti Kementerian Ekraf memperkuat para pejuang ekonomi kreatif dari daerah.<br><br><img src=""https://storage.googleapis.com/kemenekraf/landing_page/post_content_attachments/de8cfa82-006d-4fab-8064-85646a9dd8fa.jpeg"" width=""1600"" height=""1066""><sub>Dok. Biro Komunikasi Kemenekraf/Bekraf - Wamenekraf Irene Umar siap dukung Threads of Life Products sebagai solusi penenun tradisi yang penuh kreasi, Jakarta, Selasa (15/7/2025).</sub><br><br>“Kita dapat mempertahankan budaya dan identitas Indonesia biar dapat berkembang secara ekonomi. Biasanya, kami menggandeng kolaborator yang bergantung pada market atau pasar sesuai kebutuhannya apa sehingga bisa temukan kecocokan. Tentu percakapan hari ini bisa membuka kolaborasi lebih luas,” kata Wamen Ekraf Irene dalam audiensi yang digelar di Autograph Tower, Thamrin Nine, Jakarta pada Selasa, 15 Juli 2025.</p><p>Chief Executive Officer (CEO) Threads Of Life William Ingram hadir langsung dalam audiensi itu. Wamen Ekraf Irene lantas membahas peluang mengembangkan industri tekstil apalagi Threads of Life diketahui memiliki upaya dalam melindungi tradisi tekstil Indonesia dan memastikan kompensasi yang adil bagi para pengrajin tenun sehingga bisa mengeksplorasi strategi komersialisasi berkelanjutan.</p><p>“Pemerintah mendorong dalam hal komersialisasi ekonomi kreatif dan kami ingin melibatkan terutama generasi muda. Kami merujuk pada sebuah proses dan pengetahuan dalam kehidupan untuk setiap helai kain tenun yang dibuat tentu harus dijual secara transparan dan adil.  Jika karya melampaui standar kualitas dasar, maka bisa mendapat royalti dari pengembangan tekstil tersebut. Bisa juga dicoba tetapkan suatu IP untuk buka akses pasar digital melalui pemanfaatan NFT dan teknologi blockchain,&quot; ungkap Wamen Ekraf Irene.<br><br><img src=""https://storage.googleapis.com/kemenekraf/landing_page/post_content_attachments/2734455d-1c7f-4c28-a63b-8151d2ea102c.jpeg"" width=""1600"" height=""1066""><sub>Dok. Biro Komunikasi Kemenekraf/Bekraf.</sub><br><br>Mendengar hal itu, William Ingram mengapresiasi audiensi yang membuka wawasan terkait akses pasar yang memanfaatkan teknologi kreatif. Threads of Life disebutnya tak sekadar galeri, tapi menjadi lembaga yang mendampingi masyarakat tradisional, terutama di Indonesia timur untuk bisa melanjutkan budaya tekstil.</p><p>William mengaku berfokus pada produk tenun yang terkait dengan pewarna alami demi kelanjutan identitas dan keberadaan tradisi. Kain tenun bisa dipahami sentuhannya dan bisa dipakai siapapun sehingga menjadi jendela masuk ke budaya setempat.</p><p>“Saya melihat ada visi misi Kementerian Ekraf untuk menciptakan keseimbangan antara pelestarian budaya dan pertumbuhan ekonomi. Untuk pembuatan tekstil seperti tenun, kami fokus pada pewarna alam. Kami bekerja sama dengan penenun dan mengajari mereka soal akses pasar seperti motif apa yang harus dibuat karena permintaan pasar. Kami juga belajar cerita dibalik motif kain tenun tersebut supaya ada nilai tambah untuk produknya,” ungkap William.<br><br><img src=""https://storage.googleapis.com/kemenekraf/landing_page/post_content_attachments/78671bff-2a7c-49d9-bd22-0f264166ff39.jpeg"" width=""1600"" height=""1066""><sub>Dok. Biro Komunikasi Kemenekraf/Bekraf.</sub><br><br>Dalam audiensi tersebut, hadir pula Cynthia dari Impact Mangrove yang memiliki inisiatif untuk melestarikan ekosistem mangrove dengan kegiatan pariwisata dan melahirkan produk-produk kreatif dari sampah daur ulang untuk meningkatkan kesejahteraan masyarakat pesisir yang bergantung pada mangrove.</p><p>“Kami ingin membuat tur kreatif di jalur hutan mangrove dengan tajuk Mangrove Magic. Ini akan menjadi pengalaman menarik untuk menggalang dana bagi konservasi mangrove. Selama tur, para tamu bisa mempelajari pentingnya peran Indonesia dalam melestarikan dan melindungi ekosistem mangrove untuk generasi mendatang,” imbuh Cynthia.</p><p>Pada audiensi ini, turut mendampingi Wamen Ekraf Irene yaitu Direktur Kriya Neli Yana dan Direktur Fesyen Romi Astuti.<br></p><p><strong>Kiagoos Irvan Faisal</strong></p><p><strong>Plt. Kepala Biro Komunikasi</strong></p><p><strong>Kementerian Ekonomi Kreatif</strong></p>","<p><strong>Jakarta, 15 Juli 2025</strong> – Wakil Menteri Ekonomi Kreatif (Wamen Ekraf) Irene Umar menerima audiensi dari Threads of Life yang merupakan galeri dan pusat penjualan tekstil tradisional Bali. Pertemuan ini menjadi salah satu bukti Kementerian Ekraf memperkuat para pejuang ekonomi kreatif dari daerah.<br><br><img src=""https://storage.googleapis.com/kemenekraf/landing_page/post_content_attachments/de8cfa82-006d-4fab-8064-85646a9dd8fa.jpeg"" width=""1600"" height=""1066""><sub>Dok. Biro Komunikasi Kemenekraf/Bekraf - Wamenekraf Irene Umar siap dukung Threads of Life Products sebagai solusi penenun tradisi yang penuh kreasi, Jakarta, Selasa (15/7/2025).</sub><br><br>“Kita dapat mempertahankan budaya dan identitas Indonesia biar dapat berkembang secara ekonomi. Biasanya, kami menggandeng kolaborator yang bergantung pada market atau pasar sesuai kebutuhannya apa sehingga bisa temukan kecocokan. Tentu percakapan hari ini bisa membuka kolaborasi lebih luas,” kata Wamen Ekraf Irene dalam audiensi yang digelar di Autograph Tower, Thamrin Nine, Jakarta pada Selasa, 15 Juli 2025.</p><p>Chief Executive Officer (CEO) Threads Of Life William Ingram hadir langsung dalam audiensi itu. Wamen Ekraf Irene lantas membahas peluang mengembangkan industri tekstil apalagi Threads of Life diketahui memiliki upaya dalam melindungi tradisi tekstil Indonesia dan memastikan kompensasi yang adil bagi para pengrajin tenun sehingga bisa mengeksplorasi strategi komersialisasi berkelanjutan.</p><p>“Pemerintah mendorong dalam hal komersialisasi ekonomi kreatif dan kami ingin melibatkan terutama generasi muda. Kami merujuk pada sebuah proses dan pengetahuan dalam kehidupan untuk setiap helai kain tenun yang dibuat tentu harus dijual secara transparan dan adil.  Jika karya melampaui standar kualitas dasar, maka bisa mendapat royalti dari pengembangan tekstil tersebut. Bisa juga dicoba tetapkan suatu IP untuk buka akses pasar digital melalui pemanfaatan NFT dan teknologi blockchain,&quot; ungkap Wamen Ekraf Irene.<br><br><img src=""https://storage.googleapis.com/kemenekraf/landing_page/post_content_attachments/2734455d-1c7f-4c28-a63b-8151d2ea102c.jpeg"" width=""1600"" height=""1066""><sub>Dok. Biro Komunikasi Kemenekraf/Bekraf.</sub><br><br>Mendengar hal itu, William Ingram mengapresiasi audiensi yang membuka wawasan terkait akses pasar yang memanfaatkan teknologi kreatif. Threads of Life disebutnya tak sekadar galeri, tapi menjadi lembaga yang mendampingi masyarakat tradisional, terutama di Indonesia timur untuk bisa melanjutkan budaya tekstil.</p><p>William mengaku berfokus pada produk tenun yang terkait dengan pewarna alami demi kelanjutan identitas dan keberadaan tradisi. Kain tenun bisa dipahami sentuhannya dan bisa dipakai siapapun sehingga menjadi jendela masuk ke budaya setempat.</p><p>“Saya melihat ada visi misi Kementerian Ekraf untuk menciptakan keseimbangan antara pelestarian budaya dan pertumbuhan ekonomi. Untuk pembuatan tekstil seperti tenun, kami fokus pada pewarna alam. Kami bekerja sama dengan penenun dan mengajari mereka soal akses pasar seperti motif apa yang harus dibuat karena permintaan pasar. Kami juga belajar cerita dibalik motif kain tenun tersebut supaya ada nilai tambah untuk produknya,” ungkap William.<br><br><img src=""https://storage.googleapis.com/kemenekraf/landing_page/post_content_attachments/78671bff-2a7c-49d9-bd22-0f264166ff39.jpeg"" width=""1600"" height=""1066""><sub>Dok. Biro Komunikasi Kemenekraf/Bekraf.</sub><br><br>Dalam audiensi tersebut, hadir pula Cynthia dari Impact Mangrove yang memiliki inisiatif untuk melestarikan ekosistem mangrove dengan kegiatan pariwisata dan melahirkan produk-produk kreatif dari sampah daur ulang untuk meningkatkan kesejahteraan masyarakat pesisir yang bergantung pada mangrove.</p><p>“Kami ingin membuat tur kreatif di jalur hutan mangrove dengan tajuk Mangrove Magic. Ini akan menjadi pengalaman menarik untuk menggalang dana bagi konservasi mangrove. Selama tur, para tamu bisa mempelajari pentingnya peran Indonesia dalam melestarikan dan melindungi ekosistem mangrove untuk generasi mendatang,” imbuh Cynthia.</p><p>Pada audiensi ini, turut mendampingi Wamen Ekraf Irene yaitu Direktur Kriya Neli Yana dan Direktur Fesyen Romi Astuti.<br></p><p><strong>Kiagoos Irvan Faisal</strong></p><p><strong>Plt. Kepala Biro Komunikasi</strong></p><p><strong>Kementerian Ekonomi Kreatif</strong></p>",https://storage.googleapis.com/kemenekraf/landing_page/post_thumbnail_seo/01K07NQNM90TVRAW768X1DGE5T.jpeg,2025-07-15 01:25:14,True,0,64,,,,8,2025-07-15T18:32:13.000000Z,2025-07-18T05:51:33.000000Z,"{'id': 8, 'name': 'Fachri Wahyudi', 'email': 'fachriwahyudi@ekraf.go.id', 'created_at': '2025-01-07T02:16:49.000000Z', 'updated_at': '2025-01-08T06:33:28.000000Z'}","[{'id': 1, 'title': 'Berita', 'slug': 'berita', 'created_at': '2024-12-06T04:30:26.000000Z', 'updated_at': '2024-12-08T01:06:41.000000Z', 'is_feature': False}]","[{'id': 12, 'name': 'Kolaborasi', 'created_at': '2025-02-07T05:21:34.000000Z', 'updated_at': '2025-02-07T05:21:34.000000Z'}, {'id': 32, 'name': 'Ekonomi Kreatif', 'created_at': '2025-02-14T15:24:33.000000Z', 'updated_at': '2025-02-14T15:24:33.000000Z'}, {'id': 45, 'name': 'Irene Umar', 'created_at': '2025-02-21T14:37:25.000000Z', 'updated_at': '2025-02-21T14:37:25.000000Z'}, {'id': 47, 'name': 'Wamenekraf', 'created_at': '2025-02-21T14:37:42.000000Z', 'updated_at': '2025-02-21T14:37:42.000000Z'}, {'id': 49, 'name': 'Mesin Baru Pertumbuhan Ekonomi', 'created_at': '2025-02-21T14:38:06.000000Z', 'updated_at': '2025-02-21T14:38:06.000000Z'}, {'id': 67, 'name': 'Pemberdayaan Ekonomi', 'created_at': '2025-02-26T15:42:00.000000Z', 'updated_at': '2025-02-26T15:42:00.000000Z'}, {'id': 108, 'name': 'Potensi Kolaborasi', 'created_at': '2025-03-06T13:19:32.000000Z', 'updated_at': '2025-03-06T13:19:32.000000Z'}, {'id': 123, 'name': 'Potensi Kerjasama', 'created_at': '2025-03-11T16:31:08.000000Z', 'updated_at': '2025-03-11T16:31:08.000000Z'}, {'id': 126, 'name': 'Lapangan Kerja', 'created_at': '2025-03-13T15:49:53.000000Z', 'updated_at': '2025-03-13T15:49:53.000000Z'}, {'id': 139, 'name': 'Seni Pemicu Ekonomi Kreatif ', 'created_at': '2025-03-15T14:15:38.000000Z', 'updated_at': '2025-03-15T14:15:38.000000Z'}, {'id': 154, 'name': 'Kolaborasi Industri Kreatif', 'created_at': '2025-03-20T07:12:09.000000Z', 'updated_at': '2025-03-20T07:12:09.000000Z'}, {'id': 182, 'name': 'Aksi Nyata Perluasan Lapangan Kerja', 'created_at': '2025-04-11T02:36:06.000000Z', 'updated_at': '2025-04-11T02:36:06.000000Z'}, {'id': 217, 'name': 'Subsektor Ekonomi Kreatif - Desain Produk', 'created_at': '2025-04-27T13:32:38.000000Z', 'updated_at': '2025-04-27T13:32:38.000000Z'}, {'id': 228, 'name': 'Kerja Terlaksana Kita Jadi Bisa', 'created_at': '2025-05-01T08:01:00.000000Z', 'updated_at': '2025-05-01T08:01:00.000000Z'}, {'id': 267, 'name': 'Kemenekraf/Bekraf', 'created_at': '2025-05-26T15:38:02.000000Z', 'updated_at': '2025-05-26T15:38:02.000000Z'}]",[],False
540,Kementerian Ekraf Dukung Femmevolution Festival 2025 Wadahi Talenta Perempuan di Fesyen dan Musik,kementerian-ekraf-dukung-femmevolution-festival-2025-wadahi-talenta-perempuan-di-fesyen-dan-musik,"<p><strong>Jakarta, 15 Juli 2025 </strong>– Kementerian Ekonomi Kreatif (Ekraf) mendorong Femmevolution Festival 2025 sebagai wadah kolaborasi lintas sektor, khususnya fesyen dan musik, untuk memberdayakan talenta perempuan. Melalui festival ini, Kementerian Ekraf berharap membuka lebih banyak peluang bagi musisi dan desainer wanita untuk tampil di panggung global.</p>","<p><strong>Jakarta, 15 Juli 2025</strong> – Kementerian Ekonomi Kreatif (Ekraf) mendorong Femmevolution Festival 2025 sebagai wadah kolaborasi lintas sektor, khususnya fesyen dan musik, untuk memberdayakan talenta perempuan. Melalui festival ini, Kementerian Ekraf berharap membuka lebih banyak peluang bagi musisi dan desainer wanita untuk tampil di panggung global.<br><br><img src=""https://storage.googleapis.com/kemenekraf/landing_page/post_content_attachments/08abb5c1-6404-4773-83fa-d3beec14c792.jpeg"" width=""1600"" height=""1066""><sub>Dok. Biro Komunikasi Kemenekraf/Bekraf - Wamenekraf Irene Umar dukung Femmevolution Festival 2025 wadahi talenta perempuan di fesyen dan musik, Jakarta, Selasa (15/7/2025).</sub><br><br>“Femmevolution ialah contoh gabungan festival musik dan fesyen yang punya peran paling penting untuk memberi kesempatan atau panggung sehingga semua orang bisa melihat para pejuang ekraf tampil. Banyak tempat-tempat yang ternyata memiliki panggung, tetapi tidak ada pengisi acara atau penampil,&quot; kata Wakil Menteri Ekonomi Kreatif (Wamen Ekraf), Irene Umar dalam audiensi dengan penyelenggara Femmevolution Festival di Autograph Tower, Thamrin Nine, Jakarta, Selasa, 15 Juli 2025.</p><p>Wamen Ekraf menilai pertemuan ini momen yang baik untuk membuka pintu kolaborasi bersama dengan pihak lain. Apalagi sebelumnya Kementerian Ekraf sering berkolaborasi dengan Badan Perencanaan Pembangunan Daerah (Bappeda) Jakarta untuk memperkuat ekosistem ekonomi kreatif.<br><br><img src=""https://storage.googleapis.com/kemenekraf/landing_page/post_content_attachments/a5cc7f4a-5933-4ed8-88c6-d8ecb11ab4ce.jpeg"" width=""1600"" height=""1066""><sub>Dok. Biro Komunikasi Kemenekraf/Bekraf.</sub><br><br>“Kami bersama Bappeda Jakarta sudah menetapkan koridor-koridor kreatif menuju 500 Tahun Jakarta. Tempat-tempat seperti Kota Tua, Pos Bloc, Sarinah, Taman Ismail Marzuki, dan beberapa alternatif tempat lain bisa menjadi pilihan untuk mengadakan acaranya karena sudah pasti banyak pengunjung. Tetapi, kolaborasi yang tercipta tetap harus dibagi antara commercialization dengan partnershipnya,” kata Wamen Ekraf Irene yang didampingi Direktur Fesyen, Romi Astuti.</p><p>Femmevolution Festival lahir dari semangat merayakan perempuan sebagai pusat kreativitas, kekuatan, dan kapabilitas transformasi. Femmevolution ingin mewadahi musisi perempuan lintas generasi, lintas genre, dan lintas batas.</p><p>Selain festival musik yang merayakan keberanian dan kebersamaan, Femmevolution Festival juga akan menghadirkan diskusi terkait perempuan. Acara ini rencana digelar di Indonesia pada Agustus mendatang dengan konsep yang sederhana.<br><br><img src=""https://storage.googleapis.com/kemenekraf/landing_page/post_content_attachments/1bb79066-d32e-465f-8d6e-90072e0fe719.jpeg"" width=""1600"" height=""1066""><sub>Dok. Biro Komunikasi Kemenekraf/Bekraf.</sub><br><br>Dalam audiensi, Rieka Roslan sebagai penggagas Femmevolution Festival menyampaikan bahwa rencana pelaksanaan festival ini sebagai wujud visi dan misi mulia dalam memberikan tempat untuk berkarya serta wadah bagi para perempuan. Dia juga mengungkap bahwa tujuan acara ini bukan sekadar festival, melainkan gerakan perempuan untuk bertemu dan berdiskusi serta menonjolkan identitas maupun keberagaman Indonesia.</p><p>“Femmevolution akan membuat perempuan tidak hanya bersuara, tetapi juga mereka menciptakan ruang wadah untuk berekspresi lewat musik. Festival musik itu bisa digabungkan dengan fesyen maupun kuliner dan akan menjadi keren saat para musisi yang hadir pakai kebaya serta wastra khas Indonesia. Kemudian, nanti tak hanya sekadar bernyanyi tapi ada tarian atau budaya Indonesia yang bisa dimunculkan sehingga makin populer,” ucap Rieka Roslan.<br></p><p><strong>Kiagoos Irvan Faisal</strong></p><p><strong>Plt. Kepala Biro Komunikasi</strong></p><p><strong>Kementerian Ekonomi Kreatif/Badan Ekonomi Kreatif</strong></p>","<p><strong>Jakarta, 15 Juli 2025</strong> – Kementerian Ekonomi Kreatif (Ekraf) mendorong Femmevolution Festival 2025 sebagai wadah kolaborasi lintas sektor, khususnya fesyen dan musik, untuk memberdayakan talenta perempuan. Melalui festival ini, Kementerian Ekraf berharap membuka lebih banyak peluang bagi musisi dan desainer wanita untuk tampil di panggung global.<br><br><img src=""https://storage.googleapis.com/kemenekraf/landing_page/post_content_attachments/08abb5c1-6404-4773-83fa-d3beec14c792.jpeg"" width=""1600"" height=""1066""><sub>Dok. Biro Komunikasi Kemenekraf/Bekraf - Wamenekraf Irene Umar dukung Femmevolution Festival 2025 wadahi talenta perempuan di fesyen dan musik, Jakarta, Selasa (15/7/2025).</sub><br><br>“Femmevolution ialah contoh gabungan festival musik dan fesyen yang punya peran paling penting untuk memberi kesempatan atau panggung sehingga semua orang bisa melihat para pejuang ekraf tampil. Banyak tempat-tempat yang ternyata memiliki panggung, tetapi tidak ada pengisi acara atau penampil,&quot; kata Wakil Menteri Ekonomi Kreatif (Wamen Ekraf), Irene Umar dalam audiensi dengan penyelenggara Femmevolution Festival di Autograph Tower, Thamrin Nine, Jakarta, Selasa, 15 Juli 2025.</p><p>Wamen Ekraf menilai pertemuan ini momen yang baik untuk membuka pintu kolaborasi bersama dengan pihak lain. Apalagi sebelumnya Kementerian Ekraf sering berkolaborasi dengan Badan Perencanaan Pembangunan Daerah (Bappeda) Jakarta untuk memperkuat ekosistem ekonomi kreatif.<br><br><img src=""https://storage.googleapis.com/kemenekraf/landing_page/post_content_attachments/a5cc7f4a-5933-4ed8-88c6-d8ecb11ab4ce.jpeg"" width=""1600"" height=""1066""><sub>Dok. Biro Komunikasi Kemenekraf/Bekraf.</sub><br><br>“Kami bersama Bappeda Jakarta sudah menetapkan koridor-koridor kreatif menuju 500 Tahun Jakarta. Tempat-tempat seperti Kota Tua, Pos Bloc, Sarinah, Taman Ismail Marzuki, dan beberapa alternatif tempat lain bisa menjadi pilihan untuk mengadakan acaranya karena sudah pasti banyak pengunjung. Tetapi, kolaborasi yang tercipta tetap harus dibagi antara commercialization dengan partnershipnya,” kata Wamen Ekraf Irene yang didampingi Direktur Fesyen, Romi Astuti.</p><p>Femmevolution Festival lahir dari semangat merayakan perempuan sebagai pusat kreativitas, kekuatan, dan kapabilitas transformasi. Femmevolution ingin mewadahi musisi perempuan lintas generasi, lintas genre, dan lintas batas.</p><p>Selain festival musik yang merayakan keberanian dan kebersamaan, Femmevolution Festival juga akan menghadirkan diskusi terkait perempuan. Acara ini rencana digelar di Indonesia pada Agustus mendatang dengan konsep yang sederhana.<br><br><img src=""https://storage.googleapis.com/kemenekraf/landing_page/post_content_attachments/1bb79066-d32e-465f-8d6e-90072e0fe719.jpeg"" width=""1600"" height=""1066""><sub>Dok. Biro Komunikasi Kemenekraf/Bekraf.</sub><br><br>Dalam audiensi, Rieka Roslan sebagai penggagas Femmevolution Festival menyampaikan bahwa rencana pelaksanaan festival ini sebagai wujud visi dan misi mulia dalam memberikan tempat untuk berkarya serta wadah bagi para perempuan. Dia juga mengungkap bahwa tujuan acara ini bukan sekadar festival, melainkan gerakan perempuan untuk bertemu dan berdiskusi serta menonjolkan identitas maupun keberagaman Indonesia.</p><p>“Femmevolution akan membuat perempuan tidak hanya bersuara, tetapi juga mereka menciptakan ruang wadah untuk berekspresi lewat musik. Festival musik itu bisa digabungkan dengan fesyen maupun kuliner dan akan menjadi keren saat para musisi yang hadir pakai kebaya serta wastra khas Indonesia. Kemudian, nanti tak hanya sekadar bernyanyi tapi ada tarian atau budaya Indonesia yang bisa dimunculkan sehingga makin populer,” ucap Rieka Roslan.<br></p><p><strong>Kiagoos Irvan Faisal</strong></p><p><strong>Plt. Kepala Biro Komunikasi</strong></p><p><strong>Kementerian Ekonomi Kreatif/Badan Ekonomi Kreatif</strong></p>",https://storage.googleapis.com/kemenekraf/landing_page/post_thumbnail_seo/01K07N8GD56G4JW1WWY2SKHFFR.jpeg,2025-07-15 01:16:30,True,0,48,,,,8,2025-07-15T18:23:56.000000Z,2025-07-18T04:41:13.000000Z,"{'id': 8, 'name': 'Fachri Wahyudi', 'email': 'fachriwahyudi@ekraf.go.id', 'created_at': '2025-01-07T02:16:49.000000Z', 'updated_at': '2025-01-08T06:33:28.000000Z'}","[{'id': 1, 'title': 'Berita', 'slug': 'berita', 'created_at': '2024-12-06T04:30:26.000000Z', 'updated_at': '2024-12-08T01:06:41.000000Z', 'is_feature': False}]","[{'id': 12, 'name': 'Kolaborasi', 'created_at': '2025-02-07T05:21:34.000000Z', 'updated_at': '2025-02-07T05:21:34.000000Z'}, {'id': 32, 'name': 'Ekonomi Kreatif', 'created_at': '2025-02-14T15:24:33.000000Z', 'updated_at': '2025-02-14T15:24:33.000000Z'}, {'id': 34, 'name': 'Musik', 'created_at': '2025-02-16T08:26:24.000000Z', 'updated_at': '2025-02-16T08:26:24.000000Z'}, {'id': 35, 'name': 'Pelestarian Musik', 'created_at': '2025-02-16T08:26:46.000000Z', 'updated_at': '2025-02-16T08:26:46.000000Z'}, {'id': 43, 'name': 'Ekraf', 'created_at': '2025-02-21T14:36:17.000000Z', 'updated_at': '2025-02-21T14:36:17.000000Z'}, {'id': 45, 'name': 'Irene Umar', 'created_at': '2025-02-21T14:37:25.000000Z', 'updated_at': '2025-02-21T14:37:25.000000Z'}, {'id': 47, 'name': 'Wamenekraf', 'created_at': '2025-02-21T14:37:42.000000Z', 'updated_at': '2025-02-21T14:37:42.000000Z'}, {'id': 90, 'name': 'Subsektor Musik', 'created_at': '2025-03-04T14:26:36.000000Z', 'updated_at': '2025-03-04T14:26:36.000000Z'}, {'id': 98, 'name': 'Subsektor Bidang Kreativitas Budaya', 'created_at': '2025-03-05T12:36:42.000000Z', 'updated_at': '2025-03-05T12:36:42.000000Z'}, {'id': 108, 'name': 'Potensi Kolaborasi', 'created_at': '2025-03-06T13:19:32.000000Z', 'updated_at': '2025-03-06T13:19:32.000000Z'}, {'id': 123, 'name': 'Potensi Kerjasama', 'created_at': '2025-03-11T16:31:08.000000Z', 'updated_at': '2025-03-11T16:31:08.000000Z'}, {'id': 154, 'name': 'Kolaborasi Industri Kreatif', 'created_at': '2025-03-20T07:12:09.000000Z', 'updated_at': '2025-03-20T07:12:09.000000Z'}, {'id': 182, 'name': 'Aksi Nyata Perluasan Lapangan Kerja', 'created_at': '2025-04-11T02:36:06.000000Z', 'updated_at': '2025-04-11T02:36:06.000000Z'}, {'id': 194, 'name': 'Ekraf Berkualitas', 'created_at': '2025-04-21T23:46:31.000000Z', 'updated_at': '2025-04-21T23:46:31.000000Z'}, {'id': 211, 'name': 'Potensi Subsektor Musik Serap Tenaga Kerja Kreatif', 'created_at': '2025-04-26T08:06:24.000000Z', 'updated_at': '2025-04-26T08:06:24.000000Z'}, {'id': 228, 'name': 'Kerja Terlaksana Kita Jadi Bisa', 'created_at': '2025-05-01T08:01:00.000000Z', 'updated_at': '2025-05-01T08:01:00.000000Z'}, {'id': 254, 'name': 'Mengalun dengan Jiwa, Mengakar dalam Budaya', 'created_at': '2025-05-19T07:27:32.000000Z', 'updated_at': '2025-05-19T07:27:32.000000Z'}, {'id': 267, 'name': 'Kemenekraf/Bekraf', 'created_at': '2025-05-26T15:38:02.000000Z', 'updated_at': '2025-05-26T15:38:02.000000Z'}]",[],False
539,Indonesia-Prancis Perkuat Diplomasi Lewat Ekonomi Kreatif saat Bastille Day 2025,indonesia-prancis-perkuat-diplomasi-lewat-ekonomi-kreatif-saat-bastille-day-2025,"<p><strong>Jakarta, 14 Juli 2025</strong> — Wakil Menteri Ekonomi Kreatif (Wamen Ekraf) Irene Umar menghadiri resepsi diplomatik perayaan Hari Nasional Prancis atau Bastille Day di Raffles Hotel, Jakarta. Wamen Ekraf Irene menekankan pentingnya ekonomi kreatif sebagai jembatan yang mempererat hubungan bilateral antara Indonesia dan Prancis.</p>","<p><strong>Jakarta, 14 Juli 2025</strong> — Wakil Menteri Ekonomi Kreatif (Wamen Ekraf) Irene Umar menghadiri resepsi diplomatik perayaan Hari Nasional Prancis atau Bastille Day di Raffles Hotel, Jakarta. Wamen Ekraf Irene menekankan pentingnya ekonomi kreatif sebagai jembatan yang mempererat hubungan bilateral antara Indonesia dan Prancis.<br><br><img src=""https://storage.googleapis.com/kemenekraf/landing_page/post_content_attachments/84477001-8bf1-4ed1-b9b9-546b7da80234.jpeg"" width=""1600"" height=""1066""><sub>Dok. Biro Komunikasi Kemenekraf/Bekraf - Komitmen Kemenekraf perkuat ekonomi kreatif dengan Prancis saat Bastille Day 2025, Jakarta, Senin (14/7/2025).</sub><br><br>&quot;Hubungan Indonesia dan Prancis di bidang ekonomi kreatif bukan hanya kolaborasi antarnegara, tapi juga pertemuan ide dan nilai. Kami menyambut baik komitmen bersama untuk memperkuat subsektor seperti film, animasi, desain, fesyen, kriya, hingga gim karena di situlah generasi muda kita bisa bertumbuh, mengekspresikan diri, dan mendorong ekonomi masa depan,” ujar Wamen Ekraf Irene.</p><p>Resepsi diplomatik Bastille Day yang dihadiri Wamen Ekraf Irene itu diselenggarakan Kedutaan Besar Prancis untuk Indonesia pada Senin, 14 Juli 2025. Dalam acara tersebut Laurent Legodec selaku Kuasa Usaha a.i. Kedutaan Besar Prancis di Indonesia menyampaikan bahwa penguatan kerja sama ekonomi kreatif merupakan bagian dari strategi bersama untuk membangun kekuatan budaya dua bangsa. <br><br><img src=""https://storage.googleapis.com/kemenekraf/landing_page/post_content_attachments/ed814fb8-0fff-4ed5-8bc4-f2aad77537c7.jpeg"" width=""1600"" height=""1066""><sub>Dok. Biro Komunikasi Kemenekraf/Bekraf.</sub><br><br>&quot;Kita sedang memasuki fase baru hubungan strategis Indonesia–Prancis, tidak hanya melalui kunjungan kenegaraan dan kerja sama politik, tetapi juga melalui inisiatif bersama di bidang kebudayaan, pendidikan, dan ekonomi kreatif. Kami percaya, dari sinilah terbuka peluang ekonomi baru dan hubungan antarmanusia yang lebih kuat,” kata Laurent.</p><p>Wakil Menteri Pendidikan, Kebudayaan, Riset, dan Teknologi (Wamenristek) Stella Christy yang juga hadir menegaskan pentingnya kolaborasi budaya dan pendidikan sebagai landasan hubungan bilateral jangka panjang. Dia mengatakan kolaborasi ini akan memperkuat hubungan antarnegara.</p><p>“Pertukaran budaya dan kerja sama pendidikan membuka ruang dialog antarbangsa yang setara dan saling memperkaya. Dari sinilah lahir pemahaman lintas budaya, riset bersama, serta kolaborasi seni yang dapat memperkuat hubungan antarmasyarakat secara berkelanjutan,” ujar Stella.</p><p>Di hari yang sama, Presiden Prabowo Subianto menjadi tamu kehormataan di Paris bersama sejumlah menteri termasuk Menteri Ekraf Teuku Riefky Harsya sebagai penegasan relasi Indonesia-Prancis dalam beragam kolaborasi mulai dari politik hingga kerja sama budaya dan inovasi kreatif.<br><br><img src=""https://storage.googleapis.com/kemenekraf/landing_page/post_content_attachments/d6a7c389-3f48-4ed1-943a-915462f52d02.jpeg"" width=""1600"" height=""1066""><sub>Dok. Biro Komunikasi Kemenekraf/Bekraf.</sub><br><br>Bastille Day yang dirayakan setiap 14 Juli memperingati penyerbuan Bastille pada 1789 sebagai titik awal Revolusi Prancis dan lahirnya nilai-nilai liberté, égalité, fraternité. Di Jakarta, perayaan ini dikemas dalam suasana hangat dan meriah, dihadiri oleh pejabat pemerintah, korps diplomatik, pegiat industri kreatif, serta mitra budaya kedua negara. </p><p>Bagi Kementerian Ekraf, momen ini menjadi simbol nyata diplomasi budaya yang saling menguatkan. Kementerian Ekraf mencatat kerja sama bilateral Indonesia–Prancis dalam sektor ekonomi kreatif telah menunjukkan kemajuan signifikan, terutama sejak penandatanganan nota kesepahaman pada Mei 2025 yang disaksikan langsung oleh Presiden Prabowo Subianto dan Presiden Emmanuel Macron.</p><p>Dari inkubator fesyen bilateral seperti PINTU, pelatihan perfilman, hingga partisipasi kreator lokal dalam festival internasional—kolaborasi ini menjadi wadah pertumbuhan yang strategis dan berkelanjutan. Kementerian Ekraf menegaskan komitmen untuk terus memperluas kemitraan internasional yang berdampak langsung bagi pertumbuhan berkelanjutan sektor ekonomi kreatif, memperkuat peran kreator muda, serta menjadikan Indonesia sebagai pusat inovasi budaya yang relevan di panggung global. Upaya ini sekaligus menjadi bagian dari strategi peningkatan daya saing ekraf secara global.<br></p><p><strong>Kiagoos Irvan Faisal</strong></p><p><strong>Plt. Kepala Biro Komunikasi</strong></p><p><strong>Kementerian Ekonomi Kreatif</strong></p>","<p><strong>Jakarta, 14 Juli 2025</strong> — Wakil Menteri Ekonomi Kreatif (Wamen Ekraf) Irene Umar menghadiri resepsi diplomatik perayaan Hari Nasional Prancis atau Bastille Day di Raffles Hotel, Jakarta. Wamen Ekraf Irene menekankan pentingnya ekonomi kreatif sebagai jembatan yang mempererat hubungan bilateral antara Indonesia dan Prancis.<br><br><img src=""https://storage.googleapis.com/kemenekraf/landing_page/post_content_attachments/84477001-8bf1-4ed1-b9b9-546b7da80234.jpeg"" width=""1600"" height=""1066""><sub>Dok. Biro Komunikasi Kemenekraf/Bekraf - Komitmen Kemenekraf perkuat ekonomi kreatif dengan Prancis saat Bastille Day 2025, Jakarta, Senin (14/7/2025).</sub><br><br>&quot;Hubungan Indonesia dan Prancis di bidang ekonomi kreatif bukan hanya kolaborasi antarnegara, tapi juga pertemuan ide dan nilai. Kami menyambut baik komitmen bersama untuk memperkuat subsektor seperti film, animasi, desain, fesyen, kriya, hingga gim karena di situlah generasi muda kita bisa bertumbuh, mengekspresikan diri, dan mendorong ekonomi masa depan,” ujar Wamen Ekraf Irene.</p><p>Resepsi diplomatik Bastille Day yang dihadiri Wamen Ekraf Irene itu diselenggarakan Kedutaan Besar Prancis untuk Indonesia pada Senin, 14 Juli 2025. Dalam acara tersebut Laurent Legodec selaku Kuasa Usaha a.i. Kedutaan Besar Prancis di Indonesia menyampaikan bahwa penguatan kerja sama ekonomi kreatif merupakan bagian dari strategi bersama untuk membangun kekuatan budaya dua bangsa. <br><br><img src=""https://storage.googleapis.com/kemenekraf/landing_page/post_content_attachments/ed814fb8-0fff-4ed5-8bc4-f2aad77537c7.jpeg"" width=""1600"" height=""1066""><sub>Dok. Biro Komunikasi Kemenekraf/Bekraf.</sub><br><br>&quot;Kita sedang memasuki fase baru hubungan strategis Indonesia–Prancis, tidak hanya melalui kunjungan kenegaraan dan kerja sama politik, tetapi juga melalui inisiatif bersama di bidang kebudayaan, pendidikan, dan ekonomi kreatif. Kami percaya, dari sinilah terbuka peluang ekonomi baru dan hubungan antarmanusia yang lebih kuat,” kata Laurent.</p><p>Wakil Menteri Pendidikan, Kebudayaan, Riset, dan Teknologi (Wamenristek) Stella Christy yang juga hadir menegaskan pentingnya kolaborasi budaya dan pendidikan sebagai landasan hubungan bilateral jangka panjang. Dia mengatakan kolaborasi ini akan memperkuat hubungan antarnegara.</p><p>“Pertukaran budaya dan kerja sama pendidikan membuka ruang dialog antarbangsa yang setara dan saling memperkaya. Dari sinilah lahir pemahaman lintas budaya, riset bersama, serta kolaborasi seni yang dapat memperkuat hubungan antarmasyarakat secara berkelanjutan,” ujar Stella.</p><p>Di hari yang sama, Presiden Prabowo Subianto menjadi tamu kehormataan di Paris bersama sejumlah menteri termasuk Menteri Ekraf Teuku Riefky Harsya sebagai penegasan relasi Indonesia-Prancis dalam beragam kolaborasi mulai dari politik hingga kerja sama budaya dan inovasi kreatif.<br><br><img src=""https://storage.googleapis.com/kemenekraf/landing_page/post_content_attachments/d6a7c389-3f48-4ed1-943a-915462f52d02.jpeg"" width=""1600"" height=""1066""><sub>Dok. Biro Komunikasi Kemenekraf/Bekraf.</sub><br><br>Bastille Day yang dirayakan setiap 14 Juli memperingati penyerbuan Bastille pada 1789 sebagai titik awal Revolusi Prancis dan lahirnya nilai-nilai liberté, égalité, fraternité. Di Jakarta, perayaan ini dikemas dalam suasana hangat dan meriah, dihadiri oleh pejabat pemerintah, korps diplomatik, pegiat industri kreatif, serta mitra budaya kedua negara. </p><p>Bagi Kementerian Ekraf, momen ini menjadi simbol nyata diplomasi budaya yang saling menguatkan. Kementerian Ekraf mencatat kerja sama bilateral Indonesia–Prancis dalam sektor ekonomi kreatif telah menunjukkan kemajuan signifikan, terutama sejak penandatanganan nota kesepahaman pada Mei 2025 yang disaksikan langsung oleh Presiden Prabowo Subianto dan Presiden Emmanuel Macron.</p><p>Dari inkubator fesyen bilateral seperti PINTU, pelatihan perfilman, hingga partisipasi kreator lokal dalam festival internasional—kolaborasi ini menjadi wadah pertumbuhan yang strategis dan berkelanjutan. Kementerian Ekraf menegaskan komitmen untuk terus memperluas kemitraan internasional yang berdampak langsung bagi pertumbuhan berkelanjutan sektor ekonomi kreatif, memperkuat peran kreator muda, serta menjadikan Indonesia sebagai pusat inovasi budaya yang relevan di panggung global. Upaya ini sekaligus menjadi bagian dari strategi peningkatan daya saing ekraf secara global.<br></p><p><strong>Kiagoos Irvan Faisal</strong></p><p><strong>Plt. Kepala Biro Komunikasi</strong></p><p><strong>Kementerian Ekonomi Kreatif</strong></p>",https://storage.googleapis.com/kemenekraf/landing_page/post_thumbnail_seo/01K07MRN70YSCACADZGW4PYM91.jpeg,2025-07-14 01:08:44,True,0,38,,,,8,2025-07-15T18:15:17.000000Z,2025-07-18T04:40:46.000000Z,"{'id': 8, 'name': 'Fachri Wahyudi', 'email': 'fachriwahyudi@ekraf.go.id', 'created_at': '2025-01-07T02:16:49.000000Z', 'updated_at': '2025-01-08T06:33:28.000000Z'}","[{'id': 1, 'title': 'Berita', 'slug': 'berita', 'created_at': '2024-12-06T04:30:26.000000Z', 'updated_at': '2024-12-08T01:06:41.000000Z', 'is_feature': False}]","[{'id': 12, 'name': 'Kolaborasi', 'created_at': '2025-02-07T05:21:34.000000Z', 'updated_at': '2025-02-07T05:21:34.000000Z'}, {'id': 17, 'name': 'Ekonomi', 'created_at': '2025-02-07T06:13:18.000000Z', 'updated_at': '2025-02-07T06:13:18.000000Z'}, {'id': 32, 'name': 'Ekonomi Kreatif', 'created_at': '2025-02-14T15:24:33.000000Z', 'updated_at': '2025-02-14T15:24:33.000000Z'}, {'id': 43, 'name': 'Ekraf', 'created_at': '2025-02-21T14:36:17.000000Z', 'updated_at': '2025-02-21T14:36:17.000000Z'}, {'id': 45, 'name': 'Irene Umar', 'created_at': '2025-02-21T14:37:25.000000Z', 'updated_at': '2025-02-21T14:37:25.000000Z'}, {'id': 47, 'name': 'Wamenekraf', 'created_at': '2025-02-21T14:37:42.000000Z', 'updated_at': '2025-02-21T14:37:42.000000Z'}, {'id': 49, 'name': 'Mesin Baru Pertumbuhan Ekonomi', 'created_at': '2025-02-21T14:38:06.000000Z', 'updated_at': '2025-02-21T14:38:06.000000Z'}, {'id': 67, 'name': 'Pemberdayaan Ekonomi', 'created_at': '2025-02-26T15:42:00.000000Z', 'updated_at': '2025-02-26T15:42:00.000000Z'}, {'id': 105, 'name': 'Komitmen Ekraf', 'created_at': '2025-03-06T04:51:33.000000Z', 'updated_at': '2025-03-06T04:51:33.000000Z'}, {'id': 128, 'name': 'Pertumbuhan Ekonomi Nasional', 'created_at': '2025-03-13T15:51:22.000000Z', 'updated_at': '2025-03-13T15:51:22.000000Z'}, {'id': 194, 'name': 'Ekraf Berkualitas', 'created_at': '2025-04-21T23:46:31.000000Z', 'updated_at': '2025-04-21T23:46:31.000000Z'}, {'id': 225, 'name': 'Investasi Ekraf', 'created_at': '2025-04-30T15:14:08.000000Z', 'updated_at': '2025-04-30T15:14:08.000000Z'}, {'id': 254, 'name': 'Mengalun dengan Jiwa, Mengakar dalam Budaya', 'created_at': '2025-05-19T07:27:32.000000Z', 'updated_at': '2025-05-19T07:27:32.000000Z'}, {'id': 267, 'name': 'Kemenekraf/Bekraf', 'created_at': '2025-05-26T15:38:02.000000Z', 'updated_at': '2025-05-26T15:38:02.000000Z'}, {'id': 271, 'name': 'Perkuat Kerja Sama Ekonomi Kreatif Indonesia-Prancis', 'created_at': '2025-05-29T05:54:29.000000Z', 'updated_at': '2025-05-29T05:54:29.000000Z'}, {'id': 291, 'name': 'Potensi Ekraf', 'created_at': '2025-06-22T14:13:53.000000Z', 'updated_at': '2025-06-22T14:13:53.000000Z'}]",[],False
